# table produced by mapDamage version 2.2.1
# using mapped file ../../output_sorted_filtered_jessica_aln.bam and ../../paeruginosa.fasta.gz as reference file
# Chr: reference from sam/bam header, End: from which termini of DNA sequences, Std: strand of reads
Chr	End	Std	Pos	A	C	G	T	Total	G>A	C>T	A>G	T>C	A>C	A>T	C>G	C>A	T>G	T>A	G>C	G>T	A>-	T>-	C>-	G>-	->A	->T	->C	->G	S
gi|110645304|ref|NC_002516|pseudocap|136	3p	+	1	14606	29640	28883	14423	87552	5107	232	190	161	38	51	125	183	59	90	46	80	0	0	0	0	0	0	0	0	0
gi|110645304|ref|NC_002516|pseudocap|136	3p	+	2	14658	29674	28931	14289	87552	3165	176	182	153	36	16	97	163	54	94	46	38	0	0	0	0	0	0	0	0	0
gi|110645304|ref|NC_002516|pseudocap|136	3p	+	3	14724	29130	29224	14474	87552	2024	171	168	162	33	12	99	80	63	43	42	37	0	0	0	0	0	0	0	0	0
gi|110645304|ref|NC_002516|pseudocap|136	3p	+	4	14635	29814	28720	14383	87552	1427	161	146	139	21	11	44	100	40	55	40	33	0	0	0	0	0	0	0	0	0
gi|110645304|ref|NC_002516|pseudocap|136	3p	+	5	14651	29384	28750	14765	87550	925	198	145	129	39	15	37	43	31	15	59	31	0	0	0	0	2	0	0	0	0
gi|110645304|ref|NC_002516|pseudocap|136	3p	+	6	14775	29482	28916	14376	87549	674	180	153	158	26	8	50	30	35	12	32	34	0	0	0	0	0	2	1	0	0
gi|110645304|ref|NC_002516|pseudocap|136	3p	+	7	14562	29619	28861	14507	87549	592	195	150	136	28	20	37	35	28	15	50	25	0	1	0	3	0	1	1	1	0
gi|110645304|ref|NC_002516|pseudocap|136	3p	+	8	14627	29603	28833	14480	87543	495	183	154	157	36	12	51	40	31	19	44	31	0	0	0	0	2	1	3	3	0
gi|110645304|ref|NC_002516|pseudocap|136	3p	+	9	14531	29341	29406	14272	87550	469	209	150	150	34	13	51	31	26	23	45	34	0	1	1	0	1	1	0	0	0
gi|110645304|ref|NC_002516|pseudocap|136	3p	+	10	14438	29680	28999	14432	87549	417	210	137	134	29	10	53	26	31	15	50	30	0	0	1	0	0	2	1	0	0
gi|110645304|ref|NC_002516|pseudocap|136	3p	+	11	14790	29366	28895	14499	87550	418	180	168	116	26	12	48	32	25	20	59	17	1	1	1	0	1	1	0	0	0
gi|110645304|ref|NC_002516|pseudocap|136	3p	+	12	14391	29540	29197	14420	87548	402	200	175	141	31	18	43	26	26	14	47	30	0	0	1	0	0	0	3	1	0
gi|110645304|ref|NC_002516|pseudocap|136	3p	+	13	14587	29548	28918	14495	87548	391	199	137	144	40	7	38	30	21	9	40	27	1	0	0	0	0	1	1	2	0
gi|110645304|ref|NC_002516|pseudocap|136	3p	+	14	14494	29492	29028	14536	87550	347	226	151	140	22	10	52	31	30	15	38	32	2	1	0	0	0	0	0	2	0
gi|110645304|ref|NC_002516|pseudocap|136	3p	+	15	14717	29224	29178	14432	87551	412	203	137	143	34	13	41	32	24	18	44	28	2	3	2	0	0	0	1	0	0
gi|110645304|ref|NC_002516|pseudocap|136	3p	+	16	14663	29492	28862	14530	87547	343	200	149	118	32	14	47	29	20	16	53	19	2	0	1	1	0	0	1	4	0
gi|110645304|ref|NC_002516|pseudocap|136	3p	+	17	14528	29675	28882	14464	87549	330	207	150	140	20	12	41	31	31	12	30	38	1	0	2	3	0	1	1	1	0
gi|110645304|ref|NC_002516|pseudocap|136	3p	+	18	14622	29547	29127	14252	87548	350	188	143	144	24	13	46	38	31	6	53	27	2	1	0	0	0	0	4	0	0
gi|110645304|ref|NC_002516|pseudocap|136	3p	+	19	14635	29779	28779	14356	87549	330	208	141	135	24	13	36	23	26	14	42	29	1	1	1	0	0	0	0	3	0
gi|110645304|ref|NC_002516|pseudocap|136	3p	+	20	14752	29315	28981	14498	87546	293	229	149	135	37	8	50	43	38	16	49	26	0	0	1	1	2	0	2	2	0
gi|110645304|ref|NC_002516|pseudocap|136	3p	+	21	14673	29446	29031	14398	87548	331	213	163	147	27	12	43	30	22	14	45	24	1	0	1	1	2	1	1	0	0
gi|110645304|ref|NC_002516|pseudocap|136	3p	+	22	14369	29614	28879	14686	87548	312	238	145	144	26	11	42	24	25	14	50	25	0	0	0	2	2	0	2	0	0
gi|110645304|ref|NC_002516|pseudocap|136	3p	+	23	14418	29503	29054	14574	87549	362	257	134	136	20	9	49	32	31	7	33	42	1	0	1	1	1	0	2	0	0
gi|110645304|ref|NC_002516|pseudocap|136	3p	+	24	14522	29562	29034	14429	87547	318	231	150	118	24	17	40	35	17	14	39	26	0	0	0	1	0	1	1	3	0
gi|110645304|ref|NC_002516|pseudocap|136	3p	+	25	14605	29547	28816	14578	87546	298	232	133	142	24	5	46	20	19	18	47	36	1	0	1	0	0	1	3	2	0
gi|110645304|ref|NC_002516|pseudocap|136	3p	+	26	14511	29518	28814	14707	87550	320	220	159	124	41	16	34	35	18	13	48	32	0	0	0	1	0	0	1	1	0
gi|110645304|ref|NC_002516|pseudocap|136	3p	+	27	14451	29493	29319	14286	87549	311	232	131	132	19	7	44	37	28	14	42	30	1	0	0	0	1	1	1	0	0
gi|110645304|ref|NC_002516|pseudocap|136	3p	+	28	14680	29672	28944	14253	87549	332	226	138	148	21	9	50	38	30	10	38	26	0	1	0	0	0	1	2	0	0
gi|110645304|ref|NC_002516|pseudocap|136	3p	+	29	14655	29315	29035	14544	87549	313	216	165	129	37	16	43	31	14	14	31	27	0	2	3	1	1	0	2	0	0
gi|110645304|ref|NC_002516|pseudocap|136	3p	+	30	14478	29479	29095	14499	87551	294	243	146	135	27	7	34	36	30	9	43	30	0	1	1	1	0	0	1	0	0
gi|110645304|ref|NC_002516|pseudocap|136	3p	+	31	14598	29431	28975	14534	87538	296	236	139	136	30	11	30	26	30	14	34	23	0	0	1	4	0	0	2	0	0
gi|110645304|ref|NC_002516|pseudocap|136	3p	+	32	14615	29442	28920	14552	87529	318	274	148	142	25	8	39	23	19	14	47	20	0	1	0	2	0	0	0	0	0
gi|110645304|ref|NC_002516|pseudocap|136	3p	+	33	14732	29602	28897	14285	87516	286	246	136	127	27	17	43	22	31	11	38	32	0	1	0	1	2	0	3	2	0
gi|110645304|ref|NC_002516|pseudocap|136	3p	+	34	14550	29128	29079	14760	87517	294	278	147	141	22	13	38	32	18	11	47	25	0	0	2	1	0	0	3	0	0
gi|110645304|ref|NC_002516|pseudocap|136	3p	+	35	14758	29478	28854	14421	87511	287	330	155	130	20	12	42	28	23	7	35	26	0	0	0	0	1	1	2	3	0
gi|110645304|ref|NC_002516|pseudocap|136	3p	+	36	14371	29444	29021	14195	87031	291	345	148	135	27	13	45	33	18	18	47	31	2	0	0	1	1	2	2	2	0
gi|110645304|ref|NC_002516|pseudocap|136	3p	+	37	14461	29171	28504	14200	86336	282	383	146	137	32	13	36	30	29	13	41	24	1	4	1	0	2	0	4	2	0
gi|110645304|ref|NC_002516|pseudocap|136	3p	+	38	14215	28965	28406	13962	85548	268	401	143	128	26	11	48	27	25	10	51	21	4	0	2	0	2	0	1	1	0
gi|110645304|ref|NC_002516|pseudocap|136	3p	+	39	14061	28535	27937	13972	84505	293	396	111	140	26	14	40	29	28	15	29	22	0	0	0	1	1	0	2	1	0
gi|110645304|ref|NC_002516|pseudocap|136	3p	+	40	13896	28105	27472	13745	83218	252	445	127	113	29	19	41	26	22	7	39	22	0	0	0	0	0	0	3	0	0
gi|110645304|ref|NC_002516|pseudocap|136	3p	+	41	13552	27457	27100	13639	81748	244	433	124	132	21	18	30	25	24	18	38	24	0	0	0	0	0	1	1	1	0
gi|110645304|ref|NC_002516|pseudocap|136	3p	+	42	13457	26991	26538	13207	80193	252	474	140	122	21	8	40	26	25	13	32	23	0	0	2	1	2	1	0	0	0
gi|110645304|ref|NC_002516|pseudocap|136	3p	+	43	13148	26517	25935	12796	78396	268	443	124	125	16	12	20	26	23	8	34	16	0	0	0	0	1	0	0	0	0
gi|110645304|ref|NC_002516|pseudocap|136	3p	+	44	12874	25788	25488	12588	76738	261	437	135	96	23	10	35	21	17	11	34	25	0	0	2	0	0	0	0	0	0
gi|110645304|ref|NC_002516|pseudocap|136	3p	+	45	12572	25211	24698	12461	74942	260	415	124	120	27	12	34	22	20	17	38	20	1	0	2	1	0	1	2	0	0
gi|110645304|ref|NC_002516|pseudocap|136	3p	+	46	12228	24763	24238	11934	73163	235	424	120	127	18	9	35	20	18	13	35	27	1	0	2	0	1	0	0	1	0
gi|110645304|ref|NC_002516|pseudocap|136	3p	+	47	11974	23994	23704	11794	71466	245	399	114	106	16	12	43	29	16	5	24	15	0	0	1	0	0	0	1	2	0
gi|110645304|ref|NC_002516|pseudocap|136	3p	+	48	11695	23398	23098	11429	69620	228	430	97	122	18	9	23	23	26	8	36	24	0	1	1	1	0	0	0	0	0
gi|110645304|ref|NC_002516|pseudocap|136	3p	+	49	11221	22864	22509	11205	67799	234	434	114	106	26	10	29	28	25	11	34	19	1	0	0	0	0	0	3	1	0
gi|110645304|ref|NC_002516|pseudocap|136	3p	+	50	10884	22304	21890	10987	66065	220	419	126	112	17	8	32	19	18	9	27	27	0	0	0	0	0	0	0	1	0
gi|110645304|ref|NC_002516|pseudocap|136	3p	+	51	10741	21609	21259	10700	64309	211	430	119	80	25	8	22	15	20	7	28	19	0	0	0	1	0	1	1	0	0
gi|110645304|ref|NC_002516|pseudocap|136	3p	+	52	10347	21119	20546	10395	62407	205	388	86	92	18	11	25	32	16	11	27	13	0	1	0	0	2	0	0	0	0
gi|110645304|ref|NC_002516|pseudocap|136	3p	+	53	10256	20549	19934	9967	60706	168	396	99	93	19	8	40	19	23	6	32	19	0	0	0	0	1	1	0	1	0
gi|110645304|ref|NC_002516|pseudocap|136	3p	+	54	9868	19775	19714	9714	59071	199	350	92	89	17	8	27	15	17	11	31	17	0	1	2	0	0	0	1	1	0
gi|110645304|ref|NC_002516|pseudocap|136	3p	+	55	9538	19513	18913	9619	57583	175	384	104	76	10	3	28	16	13	14	36	14	0	1	0	1	0	1	1	2	0
gi|110645304|ref|NC_002516|pseudocap|136	3p	+	56	9381	19033	18358	9211	55983	189	330	100	84	13	8	31	25	12	12	19	17	0	0	1	1	0	0	2	0	0
gi|110645304|ref|NC_002516|pseudocap|136	3p	+	57	9014	18389	17968	9017	54388	172	348	98	70	17	10	20	18	16	4	18	19	0	0	0	1	0	0	1	1	0
gi|110645304|ref|NC_002516|pseudocap|136	3p	+	58	8848	17750	17434	8804	52836	156	327	87	82	12	4	23	12	25	8	22	16	0	0	0	0	0	0	0	0	0
gi|110645304|ref|NC_002516|pseudocap|136	3p	+	59	8603	17229	17155	8518	51505	173	334	84	68	19	8	22	16	15	7	25	19	0	0	0	0	1	0	1	1	0
gi|110645304|ref|NC_002516|pseudocap|136	3p	+	60	8542	16656	16590	8240	50028	133	312	67	82	22	7	20	9	15	9	27	10	0	0	1	0	0	0	1	1	0
gi|110645304|ref|NC_002516|pseudocap|136	3p	+	61	8146	16340	15878	8006	48370	137	324	85	70	15	9	17	11	15	6	21	14	1	0	0	0	0	0	0	0	0
gi|110645304|ref|NC_002516|pseudocap|136	3p	+	62	7852	15943	15596	7668	47059	156	300	68	85	11	5	26	14	11	10	14	10	1	0	0	0	0	1	0	1	0
gi|110645304|ref|NC_002516|pseudocap|136	3p	+	63	7524	15290	15388	7558	45760	167	306	69	72	11	6	21	18	18	11	19	15	0	0	0	0	1	0	1	2	0
gi|110645304|ref|NC_002516|pseudocap|136	3p	+	64	7357	14736	14957	7441	44491	167	264	86	67	12	8	13	9	13	5	20	18	0	0	0	0	2	0	1	0	0
gi|110645304|ref|NC_002516|pseudocap|136	3p	+	65	7269	14468	14290	7172	43199	133	279	77	54	7	4	22	7	11	3	25	11	0	0	0	1	0	0	1	0	0
gi|110645304|ref|NC_002516|pseudocap|136	3p	+	66	7080	14269	13831	6882	42062	127	273	69	66	13	4	23	7	11	5	25	10	1	0	1	0	0	0	0	0	0
gi|110645304|ref|NC_002516|pseudocap|136	3p	+	67	6812	13717	13650	6701	40880	120	250	65	51	10	9	19	11	11	8	27	18	0	1	0	0	1	0	2	2	0
gi|110645304|ref|NC_002516|pseudocap|136	3p	+	68	6741	13256	13132	6677	39806	125	284	80	62	14	4	15	13	6	6	20	15	0	0	0	0	0	1	0	0	0
gi|110645304|ref|NC_002516|pseudocap|136	3p	+	69	6379	13071	12891	6286	38627	127	231	71	55	11	6	15	11	6	4	12	10	0	0	1	0	0	1	0	1	0
gi|110645304|ref|NC_002516|pseudocap|136	3p	+	70	6373	12593	12438	6134	37538	122	240	62	54	6	12	19	15	15	1	19	12	1	0	0	0	1	0	0	0	0
gi|110645304|ref|NC_002516|pseudocap|136	3p	-	1	14543	29184	29543	14779	88049	5088	204	171	158	20	46	114	173	80	93	66	106	0	0	0	0	0	0	0	0	0
gi|110645304|ref|NC_002516|pseudocap|136	3p	-	2	14672	28896	29667	14814	88049	3309	183	187	172	29	17	109	182	67	97	45	28	0	0	0	0	0	0	0	0	0
gi|110645304|ref|NC_002516|pseudocap|136	3p	-	3	14505	29505	29706	14331	88047	2118	215	161	156	27	23	98	102	64	49	46	39	0	0	1	0	0	1	0	1	0
gi|110645304|ref|NC_002516|pseudocap|136	3p	-	4	14659	29197	29485	14704	88045	1459	184	145	157	27	12	43	97	25	39	50	25	0	0	0	1	3	0	0	1	0
gi|110645304|ref|NC_002516|pseudocap|136	3p	-	5	14456	29201	29667	14720	88044	980	203	130	177	25	13	40	27	30	11	38	36	0	2	1	0	1	0	2	2	0
gi|110645304|ref|NC_002516|pseudocap|136	3p	-	6	14660	29076	29663	14645	88044	767	197	151	176	28	12	48	32	30	22	38	31	0	0	0	0	3	0	0	2	0
gi|110645304|ref|NC_002516|pseudocap|136	3p	-	7	14262	29275	29518	14990	88045	592	206	132	182	20	16	54	34	36	15	45	34	1	1	0	0	3	0	1	0	0
gi|110645304|ref|NC_002516|pseudocap|136	3p	-	8	14513	29031	29733	14766	88043	513	193	154	156	25	19	45	37	33	16	36	30	0	0	0	1	1	1	2	2	0
gi|110645304|ref|NC_002516|pseudocap|136	3p	-	9	14570	29088	29654	14733	88045	454	201	150	159	29	18	63	35	29	12	47	31	0	1	1	1	1	0	3	0	0
gi|110645304|ref|NC_002516|pseudocap|136	3p	-	10	14353	29283	29633	14774	88043	423	207	147	150	30	16	40	19	24	12	44	34	0	2	1	0	1	2	1	2	0
gi|110645304|ref|NC_002516|pseudocap|136	3p	-	11	14341	29331	29639	14731	88042	358	202	139	170	28	6	44	22	26	12	39	27	0	2	1	0	2	0	1	4	0
gi|110645304|ref|NC_002516|pseudocap|136	3p	-	12	14508	29086	29776	14675	88045	378	207	157	159	26	13	39	30	24	18	39	34	0	0	1	0	1	1	1	1	0
gi|110645304|ref|NC_002516|pseudocap|136	3p	-	13	14443	29129	29563	14911	88046	401	226	131	157	31	10	39	23	32	13	49	39	2	0	0	1	1	0	1	1	0
gi|110645304|ref|NC_002516|pseudocap|136	3p	-	14	14549	29206	29615	14672	88042	378	207	129	165	22	9	44	27	26	16	46	34	3	1	1	0	0	2	1	4	0
gi|110645304|ref|NC_002516|pseudocap|136	3p	-	15	14482	28948	29634	14982	88046	350	222	126	147	19	5	32	35	32	7	38	27	0	0	0	1	0	1	0	2	0
gi|110645304|ref|NC_002516|pseudocap|136	3p	-	16	14429	29265	29554	14793	88041	339	214	137	154	21	15	46	38	30	16	44	24	0	1	0	0	0	1	3	4	0
gi|110645304|ref|NC_002516|pseudocap|136	3p	-	17	14507	29011	29688	14837	88043	382	221	156	167	31	15	41	30	36	10	46	37	0	2	2	3	0	1	1	4	0
gi|110645304|ref|NC_002516|pseudocap|136	3p	-	18	14580	28965	29748	14749	88042	345	220	143	138	23	19	42	45	29	13	40	27	0	3	1	2	1	1	3	2	0
gi|110645304|ref|NC_002516|pseudocap|136	3p	-	19	14290	29152	29831	14773	88046	391	233	121	150	29	11	37	26	25	11	33	34	0	2	1	1	0	0	1	2	0
gi|110645304|ref|NC_002516|pseudocap|136	3p	-	20	14587	29189	29540	14728	88044	342	209	139	170	28	7	38	17	32	8	55	26	1	0	0	2	1	1	2	1	0
gi|110645304|ref|NC_002516|pseudocap|136	3p	-	21	14522	29475	29465	14580	88042	372	232	149	156	30	15	38	30	28	11	52	17	2	2	0	0	1	1	2	3	0
gi|110645304|ref|NC_002516|pseudocap|136	3p	-	22	14697	29022	29708	14619	88046	337	211	145	133	25	12	43	28	36	17	51	19	0	3	0	1	0	0	1	2	0
gi|110645304|ref|NC_002516|pseudocap|136	3p	-	23	14530	29196	29689	14629	88044	338	209	129	133	36	19	43	29	23	9	48	30	0	1	2	1	1	1	0	3	0
gi|110645304|ref|NC_002516|pseudocap|136	3p	-	24	14483	29172	29766	14625	88046	309	213	138	138	22	10	50	31	28	16	47	30	1	0	0	0	0	0	0	3	0
gi|110645304|ref|NC_002516|pseudocap|136	3p	-	25	14513	28957	29752	14822	88044	310	205	144	140	28	9	48	21	26	12	43	31	1	1	0	1	1	1	0	3	0
gi|110645304|ref|NC_002516|pseudocap|136	3p	-	26	14453	29040	29601	14950	88044	340	243	142	139	30	18	53	29	28	14	48	26	1	1	0	0	0	1	1	3	0
gi|110645304|ref|NC_002516|pseudocap|136	3p	-	27	14623	29081	29728	14613	88045	311	245	120	152	32	8	36	36	25	14	54	39	1	0	1	0	1	0	2	1	0
gi|110645304|ref|NC_002516|pseudocap|136	3p	-	28	14405	29346	29630	14664	88045	313	218	122	154	29	13	46	25	28	15	48	23	0	0	0	2	0	1	2	1	0
gi|110645304|ref|NC_002516|pseudocap|136	3p	-	29	14513	29096	29757	14676	88042	322	217	147	135	26	17	36	25	23	12	39	31	1	1	0	0	2	1	1	3	0
gi|110645304|ref|NC_002516|pseudocap|136	3p	-	30	14429	29145	29632	14837	88043	285	224	139	133	22	15	41	27	29	22	39	32	1	2	0	2	1	0	4	1	0
gi|110645304|ref|NC_002516|pseudocap|136	3p	-	31	14441	29143	29830	14626	88040	315	250	135	141	27	9	41	30	19	6	56	23	0	0	2	0	0	1	1	0	0
gi|110645304|ref|NC_002516|pseudocap|136	3p	-	32	14697	28860	29698	14774	88029	270	268	159	150	28	25	35	29	30	8	45	38	0	2	0	0	0	1	0	1	0
gi|110645304|ref|NC_002516|pseudocap|136	3p	-	33	14319	29196	29829	14675	88019	304	257	147	134	32	10	46	35	28	17	47	20	1	0	2	1	0	0	1	4	0
gi|110645304|ref|NC_002516|pseudocap|136	3p	-	34	14499	29219	29531	14769	88018	299	290	127	138	26	17	39	20	26	13	29	33	0	0	0	0	0	1	1	0	0
gi|110645304|ref|NC_002516|pseudocap|136	3p	-	35	14545	28984	29754	14726	88009	297	347	146	130	33	7	39	35	27	18	41	20	0	0	1	3	1	0	2	0	0
gi|110645304|ref|NC_002516|pseudocap|136	3p	-	36	14593	28711	29752	14475	87531	293	377	151	132	19	14	37	17	22	14	38	21	1	2	0	4	0	1	2	1	0
gi|110645304|ref|NC_002516|pseudocap|136	3p	-	37	14257	28874	29238	14454	86823	271	373	127	158	24	9	42	26	26	12	38	28	1	0	0	2	0	0	0	1	0
gi|110645304|ref|NC_002516|pseudocap|136	3p	-	38	14113	28132	29273	14514	86032	246	444	125	136	19	15	44	18	26	13	39	23	1	0	0	1	1	0	1	0	0
gi|110645304|ref|NC_002516|pseudocap|136	3p	-	39	14022	28245	28499	14213	84979	272	450	119	130	23	14	32	32	26	16	44	12	0	1	0	0	0	1	0	2	0
gi|110645304|ref|NC_002516|pseudocap|136	3p	-	40	13839	27666	28143	14004	83652	301	453	142	156	13	13	48	26	24	7	30	28	1	0	0	0	1	1	1	0	0
gi|110645304|ref|NC_002516|pseudocap|136	3p	-	41	13687	27319	27319	13832	82157	261	428	128	140	28	12	43	21	24	14	48	24	0	0	0	0	1	0	0	1	0
gi|110645304|ref|NC_002516|pseudocap|136	3p	-	42	12974	26825	27195	13458	80452	238	496	129	145	26	12	40	28	32	10	45	29	1	1	1	1	0	0	0	0	0
gi|110645304|ref|NC_002516|pseudocap|136	3p	-	43	13117	26061	26284	13211	78673	239	443	122	131	23	8	39	30	22	7	38	22	2	0	1	0	0	0	0	2	0
gi|110645304|ref|NC_002516|pseudocap|136	3p	-	44	12791	25469	25950	12826	77036	241	422	129	120	15	13	38	16	17	13	33	28	1	1	0	0	0	0	0	0	0
gi|110645304|ref|NC_002516|pseudocap|136	3p	-	45	12417	25095	25483	12420	75415	243	480	119	133	25	11	32	16	25	11	34	22	0	1	1	1	0	0	0	0	0
gi|110645304|ref|NC_002516|pseudocap|136	3p	-	46	12074	24174	24967	12473	73688	226	400	99	114	21	11	31	12	28	8	38	16	0	0	0	0	0	0	1	0	0
gi|110645304|ref|NC_002516|pseudocap|136	3p	-	47	11839	23793	24176	12062	71870	231	493	106	126	18	12	33	19	24	9	40	21	0	1	0	1	0	1	1	2	0
gi|110645304|ref|NC_002516|pseudocap|136	3p	-	48	11476	23500	23574	11550	70100	215	442	116	117	22	7	41	18	23	7	39	22	0	1	0	1	0	2	1	1	0
gi|110645304|ref|NC_002516|pseudocap|136	3p	-	49	11200	22595	23052	11457	68304	238	410	96	113	21	17	33	19	12	10	30	18	0	0	1	0	2	0	0	2	0
gi|110645304|ref|NC_002516|pseudocap|136	3p	-	50	11002	21971	22363	11234	66570	201	428	86	97	27	9	25	25	15	5	29	31	0	1	1	0	0	0	1	1	0
gi|110645304|ref|NC_002516|pseudocap|136	3p	-	51	10704	21285	22083	10676	64748	210	413	100	113	25	12	28	18	20	7	39	17	1	1	1	2	0	0	0	2	0
gi|110645304|ref|NC_002516|pseudocap|136	3p	-	52	10309	20905	21062	10494	62770	177	414	79	109	17	7	25	21	24	6	26	22	0	0	2	2	0	0	0	1	0
gi|110645304|ref|NC_002516|pseudocap|136	3p	-	53	10073	20277	20613	10118	61081	198	393	90	107	14	9	32	28	18	7	21	18	0	1	1	1	1	0	0	0	0
gi|110645304|ref|NC_002516|pseudocap|136	3p	-	54	9652	19813	19981	9965	59411	167	371	103	95	15	10	25	18	16	4	30	13	1	0	2	1	0	0	1	1	0
gi|110645304|ref|NC_002516|pseudocap|136	3p	-	55	9431	19296	19265	9817	57809	199	387	83	102	16	5	25	14	11	11	23	19	0	1	0	1	1	1	1	0	0
gi|110645304|ref|NC_002516|pseudocap|136	3p	-	56	9104	18868	18969	9372	56313	175	346	106	82	6	5	27	22	13	5	18	22	0	1	0	0	0	1	0	1	0
gi|110645304|ref|NC_002516|pseudocap|136	3p	-	57	9121	18121	18369	9079	54690	167	355	89	95	14	6	29	17	16	5	25	14	0	0	0	0	0	3	0	0	0
gi|110645304|ref|NC_002516|pseudocap|136	3p	-	58	8859	17556	17815	8981	53211	171	321	78	78	8	4	21	20	9	8	23	15	1	1	1	0	1	0	0	3	0
gi|110645304|ref|NC_002516|pseudocap|136	3p	-	59	8572	17277	17322	8675	51846	151	339	73	85	15	4	29	11	20	9	26	16	0	0	0	0	1	1	1	1	0
gi|110645304|ref|NC_002516|pseudocap|136	3p	-	60	8085	16618	17205	8482	50390	145	310	62	83	6	4	22	14	17	7	27	13	0	0	0	0	1	0	1	2	0
gi|110645304|ref|NC_002516|pseudocap|136	3p	-	61	8100	16255	16369	8062	48786	131	331	74	74	10	4	17	14	18	7	21	17	0	0	0	0	0	0	0	1	0
gi|110645304|ref|NC_002516|pseudocap|136	3p	-	62	7877	15687	15945	7919	47428	140	304	72	86	9	9	24	14	16	5	20	14	0	0	0	0	0	1	0	1	0
gi|110645304|ref|NC_002516|pseudocap|136	3p	-	63	7564	15414	15539	7659	46176	139	290	68	99	10	6	13	20	13	6	28	17	0	0	0	0	0	0	0	0	0
gi|110645304|ref|NC_002516|pseudocap|136	3p	-	64	7384	14854	14991	7659	44888	136	295	72	60	14	5	23	12	10	5	19	23	0	0	0	0	0	1	1	0	0
gi|110645304|ref|NC_002516|pseudocap|136	3p	-	65	7294	14140	14866	7296	43596	148	287	81	74	11	4	23	18	14	5	29	15	1	1	0	0	0	0	0	2	0
gi|110645304|ref|NC_002516|pseudocap|136	3p	-	66	6942	14008	14418	7084	42452	145	254	69	80	15	3	14	10	9	4	15	20	0	0	1	0	0	0	0	1	0
gi|110645304|ref|NC_002516|pseudocap|136	3p	-	67	6763	13740	13901	6909	41313	105	260	60	52	8	12	20	11	13	7	15	16	0	0	0	0	0	2	0	1	0
gi|110645304|ref|NC_002516|pseudocap|136	3p	-	68	6732	13295	13475	6745	40247	126	277	67	68	7	1	16	13	13	10	18	11	0	0	1	1	0	0	0	1	0
gi|110645304|ref|NC_002516|pseudocap|136	3p	-	69	6422	12864	13262	6497	39045	122	232	61	59	14	8	22	15	10	5	17	7	1	0	0	0	0	1	0	0	0
gi|110645304|ref|NC_002516|pseudocap|136	3p	-	70	6125	12495	13000	6372	37992	124	258	55	49	7	6	19	12	7	5	14	10	0	0	0	0	3	1	0	0	0
gi|110645304|ref|NC_002516|pseudocap|136	5p	+	1	14645	29085	29277	14545	87552	150	4957	148	129	19	20	54	30	30	12	41	44	0	0	0	0	0	0	0	0	0
gi|110645304|ref|NC_002516|pseudocap|136	5p	+	2	14440	29476	28988	14648	87552	133	3010	142	109	27	15	50	23	19	11	32	30	0	0	0	0	0	0	0	0	0
gi|110645304|ref|NC_002516|pseudocap|136	5p	+	3	14718	29349	29109	14374	87550	153	1946	136	124	33	10	47	24	27	9	53	27	0	0	1	0	0	1	1	0	0
gi|110645304|ref|NC_002516|pseudocap|136	5p	+	4	14642	29372	29269	14265	87548	181	1237	142	105	31	13	40	22	25	19	32	35	0	0	0	1	1	1	1	1	0
gi|110645304|ref|NC_002516|pseudocap|136	5p	+	5	14623	29349	29060	14519	87551	152	856	117	111	24	13	37	28	19	10	46	15	0	0	0	1	0	0	0	1	0
gi|110645304|ref|NC_002516|pseudocap|136	5p	+	6	14692	29449	28961	14450	87552	186	607	138	119	17	11	33	20	34	11	39	34	3	0	0	0	0	0	0	0	0
gi|110645304|ref|NC_002516|pseudocap|136	5p	+	7	14706	29376	28877	14586	87545	172	559	126	122	25	8	27	25	29	13	42	30	0	0	1	0	2	1	3	1	0
gi|110645304|ref|NC_002516|pseudocap|136	5p	+	8	14574	29514	28829	14630	87547	177	408	142	116	15	10	34	22	20	15	29	17	1	0	0	0	2	0	3	0	0
gi|110645304|ref|NC_002516|pseudocap|136	5p	+	9	14425	29565	29006	14554	87550	186	373	141	138	27	11	46	23	23	12	33	16	1	0	2	3	1	1	0	0	0
gi|110645304|ref|NC_002516|pseudocap|136	5p	+	10	14636	29486	28941	14487	87550	205	321	115	143	29	8	31	31	16	13	38	18	0	0	3	1	0	0	0	2	0
gi|110645304|ref|NC_002516|pseudocap|136	5p	+	11	14499	29540	29051	14458	87548	193	282	143	128	32	11	38	24	29	12	34	28	1	1	0	0	1	0	2	1	0
gi|110645304|ref|NC_002516|pseudocap|136	5p	+	12	14594	29644	29159	14149	87546	218	327	128	108	20	14	27	17	14	10	32	26	0	0	0	0	1	1	1	3	0
gi|110645304|ref|NC_002516|pseudocap|136	5p	+	13	14763	29431	28864	14487	87545	173	298	126	142	22	17	34	29	25	9	43	17	0	1	1	0	1	2	3	1	0
gi|110645304|ref|NC_002516|pseudocap|136	5p	+	14	14693	29454	28960	14445	87552	223	273	128	112	22	6	35	24	28	11	37	25	0	0	0	1	0	0	0	0	0
gi|110645304|ref|NC_002516|pseudocap|136	5p	+	15	14666	29543	29002	14339	87550	249	312	166	141	33	11	29	26	23	14	34	17	0	0	0	0	0	0	1	1	0
gi|110645304|ref|NC_002516|pseudocap|136	5p	+	16	14661	29286	29146	14456	87549	245	309	161	111	21	9	43	31	23	5	35	25	0	0	0	1	1	0	2	0	0
gi|110645304|ref|NC_002516|pseudocap|136	5p	+	17	14615	29579	28928	14426	87548	214	256	138	130	26	16	34	21	16	10	43	20	0	0	0	1	1	0	2	1	0
gi|110645304|ref|NC_002516|pseudocap|136	5p	+	18	14620	29639	28760	14531	87550	226	275	150	122	22	13	43	25	23	16	40	18	1	0	1	1	1	0	1	0	0
gi|110645304|ref|NC_002516|pseudocap|136	5p	+	19	14810	29517	28759	14462	87548	239	256	130	105	16	16	33	20	25	14	36	27	0	0	0	0	0	1	1	2	0
gi|110645304|ref|NC_002516|pseudocap|136	5p	+	20	14357	29579	28989	14623	87548	280	273	132	125	23	7	30	32	29	8	34	39	1	0	0	1	1	0	2	1	0
gi|110645304|ref|NC_002516|pseudocap|136	5p	+	21	14461	29643	28903	14543	87550	270	249	132	119	29	6	40	27	21	17	42	25	0	0	0	0	0	2	0	0	0
gi|110645304|ref|NC_002516|pseudocap|136	5p	+	22	14648	29278	29000	14626	87552	267	243	123	149	26	14	41	24	22	9	45	25	0	0	1	1	0	0	0	0	0
gi|110645304|ref|NC_002516|pseudocap|136	5p	+	23	14756	29303	29057	14434	87550	269	252	131	122	30	8	39	22	33	16	35	15	1	0	1	1	1	0	1	0	0
gi|110645304|ref|NC_002516|pseudocap|136	5p	+	24	14560	29655	28923	14409	87547	288	251	144	153	14	13	31	32	25	13	42	29	0	1	1	0	1	0	4	0	0
gi|110645304|ref|NC_002516|pseudocap|136	5p	+	25	14576	29591	28938	14445	87550	250	247	154	127	22	12	35	23	16	13	38	28	1	0	0	0	0	0	1	1	0
gi|110645304|ref|NC_002516|pseudocap|136	5p	+	26	14712	29717	28945	14172	87546	260	243	126	123	23	12	49	29	22	10	35	21	0	1	0	1	0	2	3	1	0
gi|110645304|ref|NC_002516|pseudocap|136	5p	+	27	14566	29455	29146	14382	87549	271	229	148	137	23	17	51	29	25	18	31	20	0	0	1	1	0	1	1	1	0
gi|110645304|ref|NC_002516|pseudocap|136	5p	+	28	14696	29379	28963	14510	87548	294	222	150	131	18	8	36	25	20	11	39	28	0	0	1	0	2	1	0	1	0
gi|110645304|ref|NC_002516|pseudocap|136	5p	+	29	14547	29572	28963	14466	87548	289	233	149	139	21	13	25	23	16	12	32	18	1	1	1	1	0	1	2	1	0
gi|110645304|ref|NC_002516|pseudocap|136	5p	+	30	14574	29509	29151	14314	87548	266	258	132	118	22	8	29	20	22	13	37	25	0	0	0	0	1	0	1	2	0
gi|110645304|ref|NC_002516|pseudocap|136	5p	+	31	14736	29450	28753	14598	87537	285	199	156	138	27	8	42	31	18	9	48	24	2	1	1	0	0	1	1	1	0
gi|110645304|ref|NC_002516|pseudocap|136	5p	+	32	14774	29390	29019	14343	87526	333	245	136	146	31	13	43	30	17	16	44	22	2	2	1	1	1	0	1	1	0
gi|110645304|ref|NC_002516|pseudocap|136	5p	+	33	14643	29779	28789	14309	87520	342	254	148	152	22	13	43	36	26	10	40	32	0	0	2	2	0	1	1	1	0
gi|110645304|ref|NC_002516|pseudocap|136	5p	+	34	14719	29376	28972	14450	87517	351	243	152	131	29	12	43	39	21	17	45	22	0	0	0	0	1	0	0	2	0
gi|110645304|ref|NC_002516|pseudocap|136	5p	+	35	14387	29521	29128	14478	87514	416	235	151	147	23	12	39	29	27	6	36	25	0	0	1	0	1	2	1	0	0
gi|110645304|ref|NC_002516|pseudocap|136	5p	+	36	14602	29341	28902	14191	87036	417	229	142	131	26	17	37	32	29	13	31	33	0	1	1	0	0	0	0	2	0
gi|110645304|ref|NC_002516|pseudocap|136	5p	+	37	14530	29301	28358	14151	86340	464	211	152	141	28	9	46	34	26	13	44	26	0	0	0	0	1	1	2	0	0
gi|110645304|ref|NC_002516|pseudocap|136	5p	+	38	14197	28953	28260	14137	85547	526	224	160	149	17	8	51	36	25	11	46	19	0	0	2	1	1	0	3	1	0
gi|110645304|ref|NC_002516|pseudocap|136	5p	+	39	14064	28507	28021	13915	84507	506	192	155	137	27	10	39	32	28	13	49	24	0	0	2	1	0	0	1	1	0
gi|110645304|ref|NC_002516|pseudocap|136	5p	+	40	14015	27876	27622	13706	83219	562	200	130	136	36	10	40	33	24	10	32	32	0	0	1	1	1	0	0	1	0
gi|110645304|ref|NC_002516|pseudocap|136	5p	+	41	13680	27342	27178	13546	81746	559	211	135	136	31	14	28	23	25	10	45	21	1	0	1	3	2	0	2	1	0
gi|110645304|ref|NC_002516|pseudocap|136	5p	+	42	13277	27018	26745	13156	80196	572	189	153	116	24	13	34	33	20	18	35	30	0	1	1	1	0	0	0	0	0
gi|110645304|ref|NC_002516|pseudocap|136	5p	+	43	13138	26350	25869	13040	78397	520	184	136	122	28	9	49	23	18	13	47	29	0	0	2	0	0	0	0	0	0
gi|110645304|ref|NC_002516|pseudocap|136	5p	+	44	12808	26105	25255	12569	76737	525	200	130	138	21	14	41	24	22	13	33	26	0	2	1	0	0	0	1	0	0
gi|110645304|ref|NC_002516|pseudocap|136	5p	+	45	12411	25494	24584	12452	74941	528	206	127	137	21	8	36	22	17	11	32	34	1	0	1	0	1	0	1	2	0
gi|110645304|ref|NC_002516|pseudocap|136	5p	+	46	12113	24796	24073	12181	73163	530	187	119	128	22	7	33	33	16	9	41	18	1	0	0	0	0	0	2	0	0
gi|110645304|ref|NC_002516|pseudocap|136	5p	+	47	11712	24266	23766	11721	71465	560	201	112	105	23	13	32	28	24	12	35	22	2	1	0	0	1	0	2	1	0
gi|110645304|ref|NC_002516|pseudocap|136	5p	+	48	11554	23439	23311	11313	69617	521	147	122	97	15	8	41	21	13	16	38	16	1	3	1	0	2	0	1	0	0
gi|110645304|ref|NC_002516|pseudocap|136	5p	+	49	11239	22875	22514	11169	67797	492	158	108	120	24	6	34	27	23	13	31	22	0	0	0	0	1	0	4	1	0
gi|110645304|ref|NC_002516|pseudocap|136	5p	+	50	11109	22207	21733	11014	66063	526	122	103	111	13	7	41	24	16	13	28	17	0	0	0	0	0	1	0	2	0
gi|110645304|ref|NC_002516|pseudocap|136	5p	+	51	10720	21614	21217	10758	64309	508	154	105	95	23	9	39	18	23	9	34	27	0	2	0	0	1	0	1	0	0
gi|110645304|ref|NC_002516|pseudocap|136	5p	+	52	10249	21006	20819	10332	62406	521	119	117	85	18	10	30	23	14	14	28	15	1	0	1	0	2	1	0	0	0
gi|110645304|ref|NC_002516|pseudocap|136	5p	+	53	10041	20464	20148	10050	60703	482	123	107	103	21	11	22	20	14	13	31	16	1	0	0	0	0	1	2	3	0
gi|110645304|ref|NC_002516|pseudocap|136	5p	+	54	9873	19839	19697	9661	59070	472	121	86	82	18	12	27	18	17	8	32	18	1	0	1	0	0	0	2	1	0
gi|110645304|ref|NC_002516|pseudocap|136	5p	+	55	9805	19277	18974	9529	57585	423	141	112	95	11	8	30	18	21	10	37	22	1	0	1	0	0	0	2	0	0
gi|110645304|ref|NC_002516|pseudocap|136	5p	+	56	9357	18823	18658	9144	55982	411	116	87	94	13	15	39	17	18	7	31	18	1	0	2	1	0	1	2	0	0
gi|110645304|ref|NC_002516|pseudocap|136	5p	+	57	8984	18396	18010	9000	54390	404	101	74	82	14	3	25	16	16	7	20	16	0	0	1	0	0	0	0	0	0
gi|110645304|ref|NC_002516|pseudocap|136	5p	+	58	8970	17609	17396	8860	52835	435	115	108	85	19	5	34	19	17	5	24	23	1	0	0	0	1	0	0	0	0
gi|110645304|ref|NC_002516|pseudocap|136	5p	+	59	8696	17331	17076	8403	51506	425	121	91	61	14	11	28	18	15	12	23	14	0	0	0	0	0	0	1	1	0
gi|110645304|ref|NC_002516|pseudocap|136	5p	+	60	8337	16891	16469	8331	50028	387	96	92	84	15	11	21	17	17	9	24	11	0	0	0	0	0	0	0	2	0
gi|110645304|ref|NC_002516|pseudocap|136	5p	+	61	7948	16323	15977	8122	48370	408	95	84	75	17	6	27	17	12	8	19	15	0	0	0	1	0	0	0	0	0
gi|110645304|ref|NC_002516|pseudocap|136	5p	+	62	7816	15830	15680	7733	47059	410	116	82	89	18	6	24	13	18	9	22	13	0	1	0	0	0	0	2	0	0
gi|110645304|ref|NC_002516|pseudocap|136	5p	+	63	7630	15368	15341	7424	45763	421	97	57	69	19	5	23	20	19	7	31	16	0	0	0	1	0	0	0	1	0
gi|110645304|ref|NC_002516|pseudocap|136	5p	+	64	7523	14858	14847	7262	44490	354	101	67	81	22	5	17	17	16	6	28	12	0	0	0	0	0	0	3	1	0
gi|110645304|ref|NC_002516|pseudocap|136	5p	+	65	7343	14598	14213	7044	43198	348	81	78	84	11	7	21	16	9	9	24	11	0	0	0	0	1	1	0	0	0
gi|110645304|ref|NC_002516|pseudocap|136	5p	+	66	7048	14210	14015	6787	42060	359	99	85	84	16	7	21	22	11	7	21	13	2	0	0	0	1	0	1	0	0
gi|110645304|ref|NC_002516|pseudocap|136	5p	+	67	6810	13601	13656	6815	40882	353	85	86	54	11	4	17	15	17	8	16	11	0	0	0	0	0	0	2	1	0
gi|110645304|ref|NC_002516|pseudocap|136	5p	+	68	6510	13593	13163	6538	39804	307	102	70	47	15	5	19	21	24	5	26	13	0	1	0	0	0	0	1	2	0
gi|110645304|ref|NC_002516|pseudocap|136	5p	+	69	6447	12980	12763	6436	38626	338	93	63	57	8	5	19	17	18	4	19	11	0	0	0	0	1	0	2	0	0
gi|110645304|ref|NC_002516|pseudocap|136	5p	+	70	6309	12609	12382	6237	37537	322	76	82	51	6	7	19	14	7	8	14	10	0	0	0	0	0	1	1	0	0
gi|110645304|ref|NC_002516|pseudocap|136	5p	-	1	14681	28702	29695	14971	88049	143	4986	149	115	22	22	42	26	28	15	42	55	0	0	0	0	0	0	0	0	0
gi|110645304|ref|NC_002516|pseudocap|136	5p	-	2	14431	28934	29819	14865	88049	131	3083	134	122	19	13	43	27	32	15	36	30	0	0	0	0	0	0	0	0	0
gi|110645304|ref|NC_002516|pseudocap|136	5p	-	3	14346	29194	29835	14674	88049	136	2019	113	141	26	13	44	29	24	9	44	31	0	0	0	0	0	0	0	0	0
gi|110645304|ref|NC_002516|pseudocap|136	5p	-	4	14484	29058	29699	14808	88049	158	1291	141	125	21	10	41	22	30	14	37	26	0	0	1	0	0	0	0	0	0
gi|110645304|ref|NC_002516|pseudocap|136	5p	-	5	14540	28840	29741	14925	88046	162	868	137	132	23	17	46	29	27	15	39	41	0	1	1	0	0	0	1	2	0
gi|110645304|ref|NC_002516|pseudocap|136	5p	-	6	14459	29213	29740	14634	88046	185	632	122	123	17	13	37	28	28	11	35	23	1	0	0	0	0	1	0	2	0
gi|110645304|ref|NC_002516|pseudocap|136	5p	-	7	14374	29436	29568	14669	88047	165	544	124	138	19	11	24	23	28	7	38	28	1	2	0	0	1	0	0	1	0
gi|110645304|ref|NC_002516|pseudocap|136	5p	-	8	14416	29301	29713	14616	88046	188	463	146	135	24	8	35	30	19	10	32	21	0	0	1	0	0	0	2	1	0
gi|110645304|ref|NC_002516|pseudocap|136	5p	-	9	14507	29001	29812	14727	88047	171	395	144	128	26	13	38	33	19	9	33	40	0	1	0	0	0	0	1	1	0
gi|110645304|ref|NC_002516|pseudocap|136	5p	-	10	14860	29092	29350	14742	88044	201	335	158	130	32	14	38	31	25	10	38	35	1	0	1	2	0	0	1	4	0
gi|110645304|ref|NC_002516|pseudocap|136	5p	-	11	14418	29129	29549	14950	88046	196	354	113	141	16	9	43	14	15	12	42	20	1	1	0	1	0	0	1	2	0
gi|110645304|ref|NC_002516|pseudocap|136	5p	-	12	14408	29219	29773	14648	88048	198	337	141	155	26	9	36	17	30	10	54	22	1	1	1	1	0	0	1	0	0
gi|110645304|ref|NC_002516|pseudocap|136	5p	-	13	14590	29223	29708	14525	88046	213	316	130	143	18	13	34	17	23	2	38	14	0	3	0	1	0	1	1	1	0
gi|110645304|ref|NC_002516|pseudocap|136	5p	-	14	14499	29083	29550	14913	88045	217	305	126	149	19	5	49	22	29	6	29	21	1	1	0	0	1	1	1	1	0
gi|110645304|ref|NC_002516|pseudocap|136	5p	-	15	14328	29334	29800	14582	88044	210	320	128	131	19	7	40	35	19	14	35	27	1	4	0	1	0	1	0	4	0
gi|110645304|ref|NC_002516|pseudocap|136	5p	-	16	14539	29272	29529	14706	88046	205	268	143	121	24	11	37	29	25	10	44	23	1	0	0	1	1	1	1	0	0
gi|110645304|ref|NC_002516|pseudocap|136	5p	-	17	14648	28923	29720	14753	88044	209	269	136	146	27	7	41	26	28	13	40	20	1	1	2	1	0	1	3	1	0
gi|110645304|ref|NC_002516|pseudocap|136	5p	-	18	14386	29072	29741	14848	88047	259	252	136	139	22	9	47	26	26	15	39	20	1	0	2	0	0	1	0	1	0
gi|110645304|ref|NC_002516|pseudocap|136	5p	-	19	14368	29245	29641	14793	88047	266	272	127	135	24	16	41	24	23	10	33	21	1	1	0	1	1	1	0	0	0
gi|110645304|ref|NC_002516|pseudocap|136	5p	-	20	14402	29096	29543	15006	88047	252	283	126	105	23	11	48	23	26	17	40	19	0	0	0	2	1	0	0	1	0
gi|110645304|ref|NC_002516|pseudocap|136	5p	-	21	14320	29185	29966	14573	88044	268	286	110	148	23	11	49	28	26	14	47	26	1	1	1	0	1	3	0	1	0
gi|110645304|ref|NC_002516|pseudocap|136	5p	-	22	14597	29092	29587	14767	88043	263	246	113	138	15	16	33	21	27	19	36	18	0	1	0	1	0	2	1	3	0
gi|110645304|ref|NC_002516|pseudocap|136	5p	-	23	14569	29172	29592	14714	88047	241	247	107	138	25	16	36	25	19	11	36	26	1	1	0	1	0	0	2	0	0
gi|110645304|ref|NC_002516|pseudocap|136	5p	-	24	14286	29320	29813	14629	88048	253	283	123	167	19	15	29	25	21	14	35	20	0	0	0	1	0	0	0	1	0
gi|110645304|ref|NC_002516|pseudocap|136	5p	-	25	14378	28996	29924	14746	88044	267	242	128	138	18	8	35	23	30	10	30	29	0	0	0	2	0	1	0	4	0
gi|110645304|ref|NC_002516|pseudocap|136	5p	-	26	14826	29114	29571	14535	88046	249	237	126	150	29	12	37	30	15	13	40	28	0	0	0	1	1	1	0	1	0
gi|110645304|ref|NC_002516|pseudocap|136	5p	-	27	14416	29489	29508	14633	88046	281	245	145	142	27	6	44	24	29	11	37	20	0	1	0	0	1	2	0	0	0
gi|110645304|ref|NC_002516|pseudocap|136	5p	-	28	14697	29295	29375	14680	88047	277	232	116	134	26	13	34	20	19	11	39	23	0	1	0	0	0	0	0	2	0
gi|110645304|ref|NC_002516|pseudocap|136	5p	-	29	14661	29021	29706	14657	88045	310	214	119	117	15	9	43	22	19	4	38	23	1	0	0	3	0	1	1	2	0
gi|110645304|ref|NC_002516|pseudocap|136	5p	-	30	14380	29279	29832	14551	88042	277	241	133	110	19	14	48	35	22	13	34	14	0	2	1	0	1	1	2	3	0
gi|110645304|ref|NC_002516|pseudocap|136	5p	-	31	14542	29206	29461	14831	88040	319	240	125	146	21	12	35	21	21	17	44	21	0	2	1	1	1	0	0	1	0
gi|110645304|ref|NC_002516|pseudocap|136	5p	-	32	14387	29274	29592	14770	88023	338	225	146	152	25	16	37	21	24	8	33	29	0	0	0	0	0	3	3	2	0
gi|110645304|ref|NC_002516|pseudocap|136	5p	-	33	14441	29499	29541	14538	88019	370	253	140	150	27	14	54	23	27	12	41	22	0	0	0	2	0	1	3	1	0
gi|110645304|ref|NC_002516|pseudocap|136	5p	-	34	14406	29055	29573	14983	88017	396	239	131	163	23	13	43	24	41	15	39	29	3	2	0	0	0	0	2	1	0
gi|110645304|ref|NC_002516|pseudocap|136	5p	-	35	14583	29210	29483	14731	88007	447	234	151	135	25	9	39	28	28	10	51	31	0	0	1	1	1	1	0	3	0
gi|110645304|ref|NC_002516|pseudocap|136	5p	-	36	14282	29139	29509	14600	87530	447	247	145	149	28	8	28	25	19	11	52	21	1	0	4	1	0	1	2	2	0
gi|110645304|ref|NC_002516|pseudocap|136	5p	-	37	14351	28882	29077	14509	86819	485	262	151	143	22	16	43	40	26	9	42	29	1	0	0	1	1	2	0	2	0
gi|110645304|ref|NC_002516|pseudocap|136	5p	-	38	14130	28636	28719	14547	86032	498	256	146	148	23	16	37	26	34	19	32	27	0	0	3	1	0	1	0	1	0
gi|110645304|ref|NC_002516|pseudocap|136	5p	-	39	13761	28327	28877	14013	84978	511	228	130	143	33	13	42	25	38	13	39	35	1	0	0	1	2	0	1	1	0
gi|110645304|ref|NC_002516|pseudocap|136	5p	-	40	13738	27559	28429	13927	83653	570	217	129	140	30	15	45	22	24	9	38	24	0	2	0	1	0	0	1	1	0
gi|110645304|ref|NC_002516|pseudocap|136	5p	-	41	13441	27113	27762	13841	82157	533	208	131	147	27	10	35	27	30	7	33	21	0	1	1	0	0	0	2	0	0
gi|110645304|ref|NC_002516|pseudocap|136	5p	-	42	13078	26956	27098	13318	80450	604	197	121	129	17	10	39	25	24	13	52	23	0	0	1	1	1	0	1	0	0
gi|110645304|ref|NC_002516|pseudocap|136	5p	-	43	13179	25909	26487	13098	78673	530	200	126	127	22	12	42	27	22	9	46	24	0	0	0	2	0	0	1	1	0
gi|110645304|ref|NC_002516|pseudocap|136	5p	-	44	12884	25332	25929	12885	77030	564	183	133	112	23	16	41	23	21	13	41	25	0	1	2	0	0	1	0	5	0
gi|110645304|ref|NC_002516|pseudocap|136	5p	-	45	12456	25017	25467	12472	75412	502	165	124	125	13	7	35	26	20	10	36	24	0	0	0	1	1	0	1	1	0
gi|110645304|ref|NC_002516|pseudocap|136	5p	-	46	12127	24122	24970	12466	73685	491	181	123	132	28	7	40	34	18	21	38	24	0	0	1	0	1	0	2	1	0
gi|110645304|ref|NC_002516|pseudocap|136	5p	-	47	11812	23800	24094	12165	71871	500	209	101	116	19	12	36	9	23	8	38	21	0	1	1	0	1	0	2	0	0
gi|110645304|ref|NC_002516|pseudocap|136	5p	-	48	11506	23275	23630	11691	70102	571	168	104	145	24	8	34	25	30	10	34	17	0	0	1	1	0	1	0	1	0
gi|110645304|ref|NC_002516|pseudocap|136	5p	-	49	11307	22486	23074	11439	68306	530	156	109	119	20	8	20	14	21	12	34	25	0	1	1	0	0	0	1	1	0
gi|110645304|ref|NC_002516|pseudocap|136	5p	-	50	10913	22205	22249	11204	66571	537	140	86	97	14	9	27	12	18	8	31	17	0	2	0	0	0	0	0	1	0
gi|110645304|ref|NC_002516|pseudocap|136	5p	-	51	10522	21420	21950	10857	64749	507	154	116	97	13	3	32	17	20	9	31	19	1	0	0	1	0	1	0	0	0
gi|110645304|ref|NC_002516|pseudocap|136	5p	-	52	10359	20788	21130	10493	62770	483	165	84	106	23	13	29	17	15	8	33	29	0	1	0	1	0	0	0	1	0
gi|110645304|ref|NC_002516|pseudocap|136	5p	-	53	10057	20220	20579	10226	61082	455	136	96	119	14	6	27	20	18	10	32	15	0	0	1	0	0	0	0	0	0
gi|110645304|ref|NC_002516|pseudocap|136	5p	-	54	9679	19685	20044	10001	59409	460	142	86	105	14	9	35	18	18	7	31	21	0	0	0	0	1	0	1	2	0
gi|110645304|ref|NC_002516|pseudocap|136	5p	-	55	9499	18965	19657	9689	57810	459	134	95	91	20	5	17	10	23	10	25	23	0	0	1	0	0	0	0	2	0
gi|110645304|ref|NC_002516|pseudocap|136	5p	-	56	9327	18637	18972	9376	56312	463	125	98	100	19	6	24	21	23	5	20	17	2	0	0	0	0	1	1	1	0
gi|110645304|ref|NC_002516|pseudocap|136	5p	-	57	8916	18190	18505	9080	54691	454	127	101	79	21	9	34	17	11	9	26	18	0	1	2	0	0	0	0	2	0
gi|110645304|ref|NC_002516|pseudocap|136	5p	-	58	8907	17618	17876	8813	53214	426	122	82	94	12	12	22	22	11	11	31	11	0	0	0	1	1	0	0	0	0
gi|110645304|ref|NC_002516|pseudocap|136	5p	-	59	8457	17308	17374	8710	51849	403	120	98	67	15	12	28	15	23	13	31	17	0	0	0	0	1	0	0	0	0
gi|110645304|ref|NC_002516|pseudocap|136	5p	-	60	8265	16539	17007	8583	50394	410	130	102	102	20	8	15	21	22	13	33	19	0	1	0	1	0	0	0	0	0
gi|110645304|ref|NC_002516|pseudocap|136	5p	-	61	8118	16072	16621	7975	48786	424	115	74	78	17	8	19	15	10	6	29	19	0	1	0	0	0	1	0	0	0
gi|110645304|ref|NC_002516|pseudocap|136	5p	-	62	7760	15672	15920	8077	47429	365	107	73	76	15	3	22	22	14	5	24	17	0	1	0	0	0	0	0	1	0
gi|110645304|ref|NC_002516|pseudocap|136	5p	-	63	7732	15316	15397	7728	46173	376	91	85	88	13	10	26	16	11	8	28	17	0	0	0	1	2	1	0	0	0
gi|110645304|ref|NC_002516|pseudocap|136	5p	-	64	7343	14909	15092	7542	44886	375	108	65	78	15	9	30	13	15	6	19	21	0	0	0	0	0	1	2	1	0
gi|110645304|ref|NC_002516|pseudocap|136	5p	-	65	7199	14459	14724	7210	43592	357	113	82	88	14	6	16	9	13	8	14	18	0	1	0	0	0	3	2	1	0
gi|110645304|ref|NC_002516|pseudocap|136	5p	-	66	6856	13995	14465	7133	42449	356	99	62	71	6	7	15	14	13	9	29	19	0	0	0	1	0	1	1	2	0
gi|110645304|ref|NC_002516|pseudocap|136	5p	-	67	6744	13704	13965	6897	41310	338	80	70	76	11	6	22	12	14	8	22	8	1	0	0	0	2	0	1	3	0
gi|110645304|ref|NC_002516|pseudocap|136	5p	-	68	6646	13331	13500	6771	40248	334	81	59	76	18	1	21	16	17	7	24	13	0	0	0	0	0	0	0	0	0
gi|110645304|ref|NC_002516|pseudocap|136	5p	-	69	6386	12913	13174	6570	39043	282	83	55	85	8	4	21	19	14	4	26	12	0	0	1	0	1	0	1	1	0
gi|110645304|ref|NC_002516|pseudocap|136	5p	-	70	6096	12686	12820	6391	37993	315	83	56	80	12	10	21	13	13	4	18	21	0	0	0	0	1	0	0	2	0
