# table produced by mapDamage version 2.2.1
# using mapped file ../../output_sorted_filtered_fletcher_aln.bam and ../../paeruginosa.fasta.gz as reference file
# Chr: reference from sam/bam header, End: from which termini of DNA sequences, Std: strand of reads
Chr	End	Std	Pos	A	C	G	T	Total	G>A	C>T	A>G	T>C	A>C	A>T	C>G	C>A	T>G	T>A	G>C	G>T	A>-	T>-	C>-	G>-	->A	->T	->C	->G	S
gi|110645304|ref|NC_002516|pseudocap|136	3p	+	1	59929	121310	119037	58655	358931	734	708	660	649	151	96	275	216	159	112	225	193	0	0	0	0	0	0	0	0	0
gi|110645304|ref|NC_002516|pseudocap|136	3p	+	2	59681	121167	119032	59051	358931	718	647	710	625	143	67	276	239	148	103	216	155	0	0	0	0	0	0	0	0	0
gi|110645304|ref|NC_002516|pseudocap|136	3p	+	3	60094	121115	118619	59103	358931	699	674	691	653	119	67	271	181	150	70	252	140	0	0	0	0	0	0	0	0	0
gi|110645304|ref|NC_002516|pseudocap|136	3p	+	4	59778	120794	119120	59239	358931	752	640	687	659	144	74	224	175	139	84	257	165	0	0	0	0	0	0	0	0	0
gi|110645304|ref|NC_002516|pseudocap|136	3p	+	5	60274	120996	118877	58781	358928	644	635	683	619	145	56	223	151	111	65	223	149	0	0	0	0	0	1	1	1	0
gi|110645304|ref|NC_002516|pseudocap|136	3p	+	6	60741	120604	118587	58989	358921	639	570	706	659	121	76	206	142	121	62	207	150	0	1	1	0	2	0	3	5	0
gi|110645304|ref|NC_002516|pseudocap|136	3p	+	7	60164	121038	119098	58611	358911	676	635	669	609	145	70	211	152	125	59	233	127	1	0	3	0	5	5	4	6	0
gi|110645304|ref|NC_002516|pseudocap|136	3p	+	8	60110	121080	118683	59043	358916	648	639	727	650	131	65	218	170	113	74	213	138	1	2	1	3	1	4	5	5	0
gi|110645304|ref|NC_002516|pseudocap|136	3p	+	9	60002	120626	119183	59111	358922	691	639	668	622	120	61	206	142	143	70	242	130	1	0	3	4	0	0	6	3	0
gi|110645304|ref|NC_002516|pseudocap|136	3p	+	10	59850	121079	119073	58913	358915	667	631	721	598	140	70	221	136	125	72	185	152	5	2	3	0	3	3	7	3	0
gi|110645304|ref|NC_002516|pseudocap|136	3p	+	11	60104	120947	118995	58870	358916	677	645	690	617	152	65	210	132	122	54	198	141	3	4	7	1	2	2	8	3	0
gi|110645304|ref|NC_002516|pseudocap|136	3p	+	12	60219	120911	118761	59024	358915	667	593	704	641	127	56	196	160	123	61	189	128	3	3	4	4	2	3	2	9	0
gi|110645304|ref|NC_002516|pseudocap|136	3p	+	13	59790	121311	118914	58902	358917	683	629	658	623	113	59	232	134	146	53	212	134	6	1	6	1	4	1	4	5	0
gi|110645304|ref|NC_002516|pseudocap|136	3p	+	14	60303	120778	118867	58969	358917	638	604	682	604	119	65	194	154	115	65	217	130	4	1	4	1	4	2	2	6	0
gi|110645304|ref|NC_002516|pseudocap|136	3p	+	15	59868	120537	118922	59588	358915	681	645	708	634	148	63	192	136	110	64	199	128	5	0	6	1	2	2	10	2	0
gi|110645304|ref|NC_002516|pseudocap|136	3p	+	16	59945	120962	119085	58921	358913	648	604	702	611	126	51	175	146	116	59	188	145	3	4	8	2	2	6	7	3	0
gi|110645304|ref|NC_002516|pseudocap|136	3p	+	17	59906	120763	119293	58957	358919	672	616	635	602	118	58	197	143	116	61	214	128	2	4	6	3	1	3	4	4	0
gi|110645304|ref|NC_002516|pseudocap|136	3p	+	18	60097	120293	119452	59067	358909	649	602	650	575	129	72	216	155	151	62	191	122	5	6	5	4	4	2	9	7	0
gi|110645304|ref|NC_002516|pseudocap|136	3p	+	19	59700	121191	119164	58858	358913	686	583	680	633	130	51	185	143	138	54	186	126	1	3	5	7	4	1	7	6	0
gi|110645304|ref|NC_002516|pseudocap|136	3p	+	20	60215	121136	118778	58784	358913	633	640	656	553	127	58	193	137	137	58	219	113	6	4	7	2	4	2	6	6	0
gi|110645304|ref|NC_002516|pseudocap|136	3p	+	21	59854	120324	119934	58796	358908	623	582	645	626	133	57	212	129	109	69	205	119	1	4	7	3	6	4	5	8	0
gi|110645304|ref|NC_002516|pseudocap|136	3p	+	22	59748	120689	119376	59094	358907	631	580	704	616	126	63	196	131	116	60	191	105	2	1	3	4	4	4	8	8	0
gi|110645304|ref|NC_002516|pseudocap|136	3p	+	23	59931	121377	118783	58818	358909	649	604	667	631	115	62	184	117	121	61	200	105	2	3	2	0	1	6	7	8	0
gi|110645304|ref|NC_002516|pseudocap|136	3p	+	24	59723	121054	119058	59075	358910	626	612	648	620	155	56	192	112	138	59	212	149	3	2	2	3	6	5	5	5	0
gi|110645304|ref|NC_002516|pseudocap|136	3p	+	25	60073	121110	119046	58692	358921	623	584	645	672	157	73	205	139	91	68	171	146	3	0	9	2	0	1	5	4	0
gi|110645304|ref|NC_002516|pseudocap|136	3p	+	26	60060	120734	118852	59263	358909	629	596	705	599	106	65	210	136	117	60	177	126	6	5	4	1	2	4	6	10	0
gi|110645304|ref|NC_002516|pseudocap|136	3p	+	27	60088	120531	119133	59163	358915	616	611	640	630	131	57	177	130	111	60	173	118	2	2	5	2	3	2	9	2	0
gi|110645304|ref|NC_002516|pseudocap|136	3p	+	28	59832	120721	119147	59212	358912	672	618	634	597	135	54	195	126	114	69	180	132	2	0	2	2	3	4	10	2	0
gi|110645304|ref|NC_002516|pseudocap|136	3p	+	29	60085	120655	118933	59242	358915	623	577	666	591	133	55	178	110	105	77	194	123	4	1	4	2	4	2	5	5	0
gi|110645304|ref|NC_002516|pseudocap|136	3p	+	30	59920	121239	118895	58864	358918	634	561	629	587	116	60	187	135	115	65	165	111	4	1	4	2	2	2	6	3	0
gi|110645304|ref|NC_002516|pseudocap|136	3p	+	31	60136	120613	119200	58966	358915	657	566	650	624	137	55	204	120	119	63	196	122	5	2	3	6	3	3	7	3	0
gi|110645304|ref|NC_002516|pseudocap|136	3p	+	32	60050	121034	118765	59072	358921	630	639	656	611	126	46	188	114	114	53	206	136	5	3	2	2	2	0	4	4	0
gi|110645304|ref|NC_002516|pseudocap|136	3p	+	33	60002	120825	118974	59117	358918	605	580	678	621	108	63	174	111	115	55	193	104	3	1	4	2	3	0	3	7	0
gi|110645304|ref|NC_002516|pseudocap|136	3p	+	34	59680	120732	119696	58805	358913	629	635	683	575	134	58	202	138	115	65	186	132	4	4	11	3	4	2	8	4	0
gi|110645304|ref|NC_002516|pseudocap|136	3p	+	35	59984	120750	119015	59164	358913	684	620	688	615	126	45	200	125	113	75	173	114	7	8	9	3	2	2	5	9	0
gi|110645304|ref|NC_002516|pseudocap|136	3p	+	36	60127	121219	118630	58935	358911	698	588	678	590	127	43	207	123	147	45	166	116	5	1	3	4	3	2	8	7	0
gi|110645304|ref|NC_002516|pseudocap|136	3p	+	37	59548	121372	119057	58936	358913	627	631	657	567	134	52	160	115	106	63	173	110	2	2	6	2	4	1	5	8	0
gi|110645304|ref|NC_002516|pseudocap|136	3p	+	38	59972	121044	119004	58893	358913	656	579	681	639	118	56	196	117	118	68	197	110	2	1	6	3	3	2	8	5	0
gi|110645304|ref|NC_002516|pseudocap|136	3p	+	39	60030	120557	119367	58955	358909	634	579	637	620	118	49	174	130	131	59	183	127	2	2	5	4	5	6	3	8	0
gi|110645304|ref|NC_002516|pseudocap|136	3p	+	40	60274	120933	119056	58642	358905	624	571	694	599	103	58	191	109	108	65	171	114	3	3	3	5	4	2	9	11	0
gi|110645304|ref|NC_002516|pseudocap|136	3p	+	41	59812	120950	118891	59256	358909	631	569	633	597	109	59	181	109	116	71	166	94	3	0	7	4	3	1	12	6	0
gi|110645304|ref|NC_002516|pseudocap|136	3p	+	42	60026	121053	118797	59041	358917	645	558	668	610	121	66	185	102	109	53	170	119	1	3	6	5	2	1	10	1	0
gi|110645304|ref|NC_002516|pseudocap|136	3p	+	43	59947	121038	119083	58847	358915	620	609	692	649	101	60	204	125	112	54	183	137	2	2	5	2	4	4	5	3	0
gi|110645304|ref|NC_002516|pseudocap|136	3p	+	44	59717	121052	118978	59156	358903	633	567	653	566	120	47	211	136	104	63	176	104	4	1	1	4	6	3	10	9	0
gi|110645304|ref|NC_002516|pseudocap|136	3p	+	45	59735	120562	119092	59531	358920	576	585	650	650	132	58	171	107	106	58	193	118	3	4	3	3	1	1	6	3	0
gi|110645304|ref|NC_002516|pseudocap|136	3p	+	46	60095	121094	118734	58985	358908	621	614	679	589	118	62	191	112	105	63	190	124	4	3	2	6	1	6	11	5	0
gi|110645304|ref|NC_002516|pseudocap|136	3p	+	47	60355	120914	118686	58959	358914	612	583	665	629	128	46	180	116	111	66	181	104	2	4	7	2	3	3	7	4	0
gi|110645304|ref|NC_002516|pseudocap|136	3p	+	48	60059	121258	118700	58896	358913	618	600	687	651	127	48	186	122	120	58	184	121	1	2	6	1	4	2	9	3	0
gi|110645304|ref|NC_002516|pseudocap|136	3p	+	49	59626	121068	119336	58877	358907	637	568	650	589	116	50	172	124	97	41	178	116	5	0	5	3	3	3	12	6	0
gi|110645304|ref|NC_002516|pseudocap|136	3p	+	50	59330	121487	118528	59564	358909	644	587	617	620	123	59	179	115	138	57	143	106	1	3	3	3	3	2	11	6	0
gi|110645304|ref|NC_002516|pseudocap|136	3p	+	51	60070	120928	118884	59032	358914	607	593	701	596	116	52	204	136	99	50	157	103	0	1	5	4	6	3	4	4	0
gi|110645304|ref|NC_002516|pseudocap|136	3p	+	52	59971	121100	118836	59016	358923	580	617	622	613	119	66	177	106	112	50	185	126	3	3	3	5	3	0	1	4	0
gi|110645304|ref|NC_002516|pseudocap|136	3p	+	53	59783	121071	118968	59097	358919	620	525	635	602	117	36	165	110	96	51	188	118	2	0	4	5	2	0	6	4	0
gi|110645304|ref|NC_002516|pseudocap|136	3p	+	54	59681	120743	119254	59241	358919	598	600	592	611	122	61	170	111	125	65	170	97	4	3	8	4	1	3	6	2	0
gi|110645304|ref|NC_002516|pseudocap|136	3p	+	55	59667	121456	118876	58920	358919	602	576	639	586	92	52	197	121	102	46	178	125	3	2	5	3	2	3	5	2	0
gi|110645304|ref|NC_002516|pseudocap|136	3p	+	56	60106	121141	118933	58731	358911	621	564	697	613	111	52	174	106	92	57	170	106	1	3	4	5	5	1	7	6	0
gi|110645304|ref|NC_002516|pseudocap|136	3p	+	57	60012	120967	118871	59066	358916	620	566	637	564	123	58	169	127	106	70	166	106	5	5	7	7	0	2	4	8	0
gi|110645304|ref|NC_002516|pseudocap|136	3p	+	58	59331	121275	118968	59328	358902	584	591	625	605	118	50	181	114	108	50	151	121	0	2	2	3	3	7	7	9	0
gi|110645304|ref|NC_002516|pseudocap|136	3p	+	59	60177	121144	118173	59407	358901	628	564	677	589	118	57	186	115	94	57	155	138	5	2	2	6	4	3	9	8	0
gi|110645304|ref|NC_002516|pseudocap|136	3p	+	60	60139	121151	118610	58997	358897	606	545	598	554	141	40	193	117	127	54	172	95	2	3	8	3	1	4	10	5	0
gi|110645304|ref|NC_002516|pseudocap|136	3p	+	61	60184	120692	119055	58966	358897	585	566	666	592	119	58	146	131	98	51	160	110	3	4	4	2	1	2	9	6	0
gi|110645304|ref|NC_002516|pseudocap|136	3p	+	62	60167	120778	118830	59109	358884	558	562	621	590	96	47	169	99	111	36	178	99	1	3	5	3	0	2	6	8	0
gi|110645304|ref|NC_002516|pseudocap|136	3p	+	63	59805	120737	118955	59340	358837	591	571	611	577	105	60	167	110	109	42	164	118	1	2	5	5	3	2	11	6	0
gi|110645304|ref|NC_002516|pseudocap|136	3p	+	64	59517	121053	119250	58977	358797	612	553	600	571	111	47	161	134	106	63	190	109	3	1	12	2	4	2	6	4	0
gi|110645304|ref|NC_002516|pseudocap|136	3p	+	65	59960	121144	118707	58906	358717	627	562	574	563	109	55	184	117	103	42	161	94	3	2	2	1	3	0	2	4	0
gi|110645304|ref|NC_002516|pseudocap|136	3p	+	66	60107	121088	118738	58645	358578	564	557	616	553	116	48	169	104	105	60	164	119	1	4	4	1	1	2	3	5	0
gi|110645304|ref|NC_002516|pseudocap|136	3p	+	67	59808	120691	119213	58636	358348	631	555	615	552	135	44	184	104	123	60	164	114	3	1	2	2	3	4	7	7	0
gi|110645304|ref|NC_002516|pseudocap|136	3p	+	68	60127	120577	118221	59069	357994	561	565	640	532	119	49	169	100	112	51	167	106	4	3	5	3	6	2	7	4	0
gi|110645304|ref|NC_002516|pseudocap|136	3p	+	69	60028	120326	118266	58884	357504	625	555	630	571	113	43	164	118	100	42	147	119	3	3	3	2	3	5	4	7	0
gi|110645304|ref|NC_002516|pseudocap|136	3p	+	70	59507	120616	118150	58492	356765	590	560	599	548	114	40	190	99	107	57	175	101	3	2	4	2	4	0	6	9	0
gi|110645304|ref|NC_002516|pseudocap|136	3p	-	1	59061	118838	121169	59394	358462	707	683	628	647	127	103	281	191	154	106	236	203	0	0	0	0	0	0	0	0	1
gi|110645304|ref|NC_002516|pseudocap|136	3p	-	2	58960	119300	120478	59724	358462	670	678	661	696	124	72	259	220	165	108	247	126	0	0	0	0	0	0	0	0	1
gi|110645304|ref|NC_002516|pseudocap|136	3p	-	3	58675	118526	120954	60303	358458	659	637	699	704	119	75	238	175	164	77	208	160	0	0	0	0	0	1	1	2	1
gi|110645304|ref|NC_002516|pseudocap|136	3p	-	4	59034	118524	120716	60177	358451	682	688	606	685	126	65	237	185	160	93	189	152	1	0	0	0	1	2	4	4	0
gi|110645304|ref|NC_002516|pseudocap|136	3p	-	5	58867	118997	120885	59696	358445	656	696	651	651	113	65	237	145	124	67	219	134	1	1	2	4	7	1	3	6	0
gi|110645304|ref|NC_002516|pseudocap|136	3p	-	6	59017	118752	120400	60273	358442	641	624	683	700	118	75	217	136	116	68	228	157	1	2	2	4	1	5	5	9	0
gi|110645304|ref|NC_002516|pseudocap|136	3p	-	7	59096	119201	120385	59761	358443	570	638	634	658	98	69	215	146	135	62	235	155	0	4	4	6	7	3	5	4	0
gi|110645304|ref|NC_002516|pseudocap|136	3p	-	8	58959	118478	120906	60101	358444	601	644	615	699	137	72	206	131	140	62	232	147	3	2	6	6	3	5	3	7	0
gi|110645304|ref|NC_002516|pseudocap|136	3p	-	9	59023	118614	120907	59897	358441	641	677	621	642	126	58	217	122	128	69	224	143	4	3	3	5	1	6	5	9	0
gi|110645304|ref|NC_002516|pseudocap|136	3p	-	10	58825	118552	121284	59783	358444	575	649	641	710	122	71	201	146	133	70	219	152	1	4	2	5	1	3	8	6	0
gi|110645304|ref|NC_002516|pseudocap|136	3p	-	11	59081	119241	120419	59698	358439	606	656	634	676	133	64	231	123	143	69	212	146	5	3	6	5	1	5	5	12	0
gi|110645304|ref|NC_002516|pseudocap|136	3p	-	12	59049	118723	120921	59755	358448	587	662	653	684	125	55	197	142	144	68	212	136	2	4	3	5	2	2	3	7	0
gi|110645304|ref|NC_002516|pseudocap|136	3p	-	13	59050	118513	121143	59731	358437	620	628	590	651	134	61	220	137	137	83	211	138	4	3	5	10	2	3	10	10	0
gi|110645304|ref|NC_002516|pseudocap|136	3p	-	14	59170	119106	120422	59746	358444	601	688	662	648	126	80	208	120	125	63	196	138	6	5	3	8	1	5	7	5	0
gi|110645304|ref|NC_002516|pseudocap|136	3p	-	15	59080	119012	120710	59645	358447	605	635	572	660	118	53	189	114	150	65	179	134	6	3	2	5	1	2	8	4	0
gi|110645304|ref|NC_002516|pseudocap|136	3p	-	16	59081	118648	120863	59856	358448	637	708	616	724	122	64	201	142	127	58	206	137	0	3	6	2	4	1	5	4	0
gi|110645304|ref|NC_002516|pseudocap|136	3p	-	17	59173	118669	120776	59822	358440	569	650	573	723	113	57	169	124	127	45	236	126	3	3	1	6	6	6	5	5	0
gi|110645304|ref|NC_002516|pseudocap|136	3p	-	18	59392	118916	120115	60014	358437	591	689	646	639	102	63	212	134	136	67	184	133	0	4	4	7	2	2	10	11	0
gi|110645304|ref|NC_002516|pseudocap|136	3p	-	19	59005	118325	121265	59847	358442	623	653	650	631	100	63	158	123	121	59	181	126	0	3	3	6	2	2	4	12	0
gi|110645304|ref|NC_002516|pseudocap|136	3p	-	20	59042	118867	120724	59813	358446	571	678	615	659	136	67	173	138	114	58	206	153	4	4	2	6	3	3	2	8	0
gi|110645304|ref|NC_002516|pseudocap|136	3p	-	21	59014	118646	120775	60007	358442	586	672	571	664	139	69	181	109	114	56	201	142	4	6	5	2	3	4	9	4	0
gi|110645304|ref|NC_002516|pseudocap|136	3p	-	22	58885	118849	120763	59952	358449	561	634	609	697	111	66	184	127	122	68	211	143	0	4	4	9	1	5	3	4	0
gi|110645304|ref|NC_002516|pseudocap|136	3p	-	23	58544	118753	121283	59863	358443	578	647	593	650	110	66	167	125	130	55	198	125	3	5	4	6	3	3	4	9	0
gi|110645304|ref|NC_002516|pseudocap|136	3p	-	24	58294	118928	120979	60241	358442	596	644	562	702	119	71	192	126	108	56	196	127	3	4	7	4	4	1	7	8	0
gi|110645304|ref|NC_002516|pseudocap|136	3p	-	25	58985	118408	121179	59874	358446	659	647	626	703	116	61	172	123	119	56	204	131	1	2	6	8	2	5	3	6	0
gi|110645304|ref|NC_002516|pseudocap|136	3p	-	26	59067	118710	121111	59556	358444	632	646	607	653	119	66	187	128	109	58	173	136	6	2	2	8	0	3	7	8	0
gi|110645304|ref|NC_002516|pseudocap|136	3p	-	27	59129	119258	120505	59540	358432	601	697	605	654	130	62	184	124	116	57	207	131	2	4	7	5	3	6	15	6	0
gi|110645304|ref|NC_002516|pseudocap|136	3p	-	28	58842	118888	121050	59659	358439	605	653	656	640	94	59	183	111	109	72	206	134	0	4	3	10	2	3	9	9	0
gi|110645304|ref|NC_002516|pseudocap|136	3p	-	29	59305	118695	120525	59924	358449	605	627	631	678	99	56	202	114	150	61	192	158	1	4	2	10	3	4	2	4	0
gi|110645304|ref|NC_002516|pseudocap|136	3p	-	30	58836	118728	120601	60282	358447	607	623	592	643	116	64	204	127	119	57	204	111	2	6	5	6	1	4	3	7	0
gi|110645304|ref|NC_002516|pseudocap|136	3p	-	31	58907	118695	121109	59734	358445	579	638	632	641	118	70	189	113	125	51	224	133	3	2	4	4	1	0	8	8	0
gi|110645304|ref|NC_002516|pseudocap|136	3p	-	32	58959	119092	120522	59871	358444	603	636	624	728	117	56	195	115	128	67	200	103	2	1	1	5	3	1	8	6	0
gi|110645304|ref|NC_002516|pseudocap|136	3p	-	33	59195	118282	121008	59965	358450	533	635	637	617	103	49	190	117	115	62	188	121	7	4	4	6	0	6	3	3	0
gi|110645304|ref|NC_002516|pseudocap|136	3p	-	34	58826	118961	120865	59791	358443	599	654	629	664	129	63	195	115	111	61	190	111	1	6	2	5	1	7	6	5	0
gi|110645304|ref|NC_002516|pseudocap|136	3p	-	35	58921	119116	120757	59642	358436	617	637	639	618	113	66	178	127	135	47	206	113	0	4	5	1	4	5	5	12	0
gi|110645304|ref|NC_002516|pseudocap|136	3p	-	36	58893	118854	120790	59904	358441	586	618	593	642	97	62	193	115	133	43	209	125	0	4	4	3	8	1	10	2	0
gi|110645304|ref|NC_002516|pseudocap|136	3p	-	37	58918	118471	120845	60206	358440	610	650	604	662	115	60	176	114	122	51	168	129	1	5	4	3	3	6	6	7	0
gi|110645304|ref|NC_002516|pseudocap|136	3p	-	38	58981	118807	120978	59680	358446	614	663	569	633	105	61	180	122	108	54	193	137	1	5	2	7	1	2	7	6	0
gi|110645304|ref|NC_002516|pseudocap|136	3p	-	39	59214	118856	120397	59972	358439	570	639	619	640	125	68	212	131	114	47	215	118	3	3	4	5	6	1	6	10	0
gi|110645304|ref|NC_002516|pseudocap|136	3p	-	40	58721	118947	120952	59821	358441	555	628	632	666	111	60	187	117	117	58	182	112	3	4	3	5	4	3	5	9	0
gi|110645304|ref|NC_002516|pseudocap|136	3p	-	41	59038	118848	120958	59607	358451	561	623	619	638	111	49	183	123	108	67	221	114	1	4	5	9	2	0	3	6	0
gi|110645304|ref|NC_002516|pseudocap|136	3p	-	42	59308	117989	121179	59968	358444	584	629	621	607	130	47	213	123	114	49	167	111	4	6	5	11	3	3	6	6	0
gi|110645304|ref|NC_002516|pseudocap|136	3p	-	43	59132	119022	120560	59728	358442	590	669	617	654	127	58	184	126	113	56	190	118	2	3	4	10	5	3	5	7	0
gi|110645304|ref|NC_002516|pseudocap|136	3p	-	44	58330	119062	121110	59952	358454	587	596	612	628	127	48	175	124	97	61	184	97	3	4	6	7	2	2	0	4	0
gi|110645304|ref|NC_002516|pseudocap|136	3p	-	45	59030	118945	120548	59921	358444	603	623	610	639	118	57	155	105	134	61	187	131	1	3	4	5	1	4	7	6	0
gi|110645304|ref|NC_002516|pseudocap|136	3p	-	46	58868	119007	120794	59776	358445	577	673	578	697	115	62	210	122	106	58	199	139	1	4	3	4	1	0	10	6	0
gi|110645304|ref|NC_002516|pseudocap|136	3p	-	47	58991	118541	121226	59684	358442	529	620	649	646	112	50	207	127	132	62	197	134	3	2	4	2	5	5	5	5	0
gi|110645304|ref|NC_002516|pseudocap|136	3p	-	48	59187	118879	120281	60093	358440	580	625	622	624	97	48	199	112	108	56	196	127	2	6	1	5	5	0	8	9	0
gi|110645304|ref|NC_002516|pseudocap|136	3p	-	49	59196	118529	121113	59606	358444	574	588	612	669	120	54	186	113	130	45	167	116	0	3	2	3	3	0	7	8	0
gi|110645304|ref|NC_002516|pseudocap|136	3p	-	50	58856	119031	120826	59729	358442	546	611	599	647	124	52	190	104	120	53	182	121	2	2	2	8	2	4	6	8	0
gi|110645304|ref|NC_002516|pseudocap|136	3p	-	51	59155	118904	120849	59536	358444	553	600	602	675	125	53	179	102	128	56	182	121	0	4	3	6	2	5	6	5	0
gi|110645304|ref|NC_002516|pseudocap|136	3p	-	52	58865	118762	121087	59724	358438	599	599	567	664	114	53	190	112	134	53	206	112	2	3	0	8	5	3	5	11	0
gi|110645304|ref|NC_002516|pseudocap|136	3p	-	53	58851	118661	120830	60104	358446	559	581	608	604	102	44	170	115	118	51	163	114	2	4	4	4	2	2	7	5	0
gi|110645304|ref|NC_002516|pseudocap|136	3p	-	54	59027	118669	121028	59718	358442	629	641	605	636	95	54	168	123	119	56	179	109	2	3	1	5	3	5	7	5	0
gi|110645304|ref|NC_002516|pseudocap|136	3p	-	55	59233	118635	120746	59823	358437	600	590	609	599	121	65	153	96	131	64	191	107	0	3	6	4	2	3	10	10	0
gi|110645304|ref|NC_002516|pseudocap|136	3p	-	56	58887	118832	121025	59697	358441	573	616	592	704	107	63	167	110	118	48	191	107	0	1	5	1	0	5	7	8	0
gi|110645304|ref|NC_002516|pseudocap|136	3p	-	57	58894	118953	120674	59931	358452	565	638	596	650	111	58	169	124	119	57	197	134	0	3	4	2	0	3	2	4	0
gi|110645304|ref|NC_002516|pseudocap|136	3p	-	58	59094	118768	120859	59722	358443	541	632	574	635	111	54	181	119	122	46	172	118	2	0	2	7	2	4	6	6	0
gi|110645304|ref|NC_002516|pseudocap|136	3p	-	59	59126	118296	121039	59979	358440	577	629	594	654	116	67	179	107	96	62	170	99	2	3	1	7	2	4	8	4	0
gi|110645304|ref|NC_002516|pseudocap|136	3p	-	60	58954	119145	120527	59808	358434	635	598	602	593	112	41	181	102	106	48	150	101	1	6	2	5	2	2	4	10	0
gi|110645304|ref|NC_002516|pseudocap|136	3p	-	61	58635	118772	120971	60051	358429	565	599	587	635	88	43	181	112	100	53	181	102	0	0	0	3	0	2	5	9	0
gi|110645304|ref|NC_002516|pseudocap|136	3p	-	62	58890	118930	120842	59756	358418	592	581	602	592	121	48	178	117	117	57	158	96	5	3	4	6	4	1	5	5	0
gi|110645304|ref|NC_002516|pseudocap|136	3p	-	63	58935	118860	120780	59814	358389	551	605	609	681	114	57	177	100	112	39	175	104	1	1	2	3	1	2	5	5	0
gi|110645304|ref|NC_002516|pseudocap|136	3p	-	64	58897	118800	120963	59676	358336	553	614	596	587	105	47	181	98	122	41	153	111	2	3	2	5	2	0	4	4	0
gi|110645304|ref|NC_002516|pseudocap|136	3p	-	65	58897	118687	120663	59982	358229	552	583	540	661	86	54	166	107	97	47	173	119	2	2	6	8	2	2	7	5	0
gi|110645304|ref|NC_002516|pseudocap|136	3p	-	66	59118	118357	120732	59857	358064	523	592	610	619	116	47	167	103	109	54	175	100	2	1	1	6	2	2	8	4	0
gi|110645304|ref|NC_002516|pseudocap|136	3p	-	67	58944	118279	121000	59614	357837	540	572	558	651	104	50	173	100	112	50	161	114	1	1	1	4	1	4	5	6	0
gi|110645304|ref|NC_002516|pseudocap|136	3p	-	68	58776	118749	120822	59142	357489	574	597	568	625	104	42	180	101	122	40	161	107	0	4	2	3	1	1	3	7	0
gi|110645304|ref|NC_002516|pseudocap|136	3p	-	69	58604	118421	119966	59960	356951	579	574	564	571	112	46	154	94	94	45	155	109	3	1	4	1	3	6	2	2	0
gi|110645304|ref|NC_002516|pseudocap|136	3p	-	70	58855	118497	119514	59354	356220	565	615	543	638	86	59	174	123	108	56	192	113	4	2	1	3	2	4	7	3	0
gi|110645304|ref|NC_002516|pseudocap|136	5p	+	1	60148	121080	118539	59164	358931	641	575	630	570	115	59	204	136	130	50	193	133	0	0	0	0	0	0	0	0	0
gi|110645304|ref|NC_002516|pseudocap|136	5p	+	2	59694	121233	118747	59255	358929	615	602	633	614	107	48	159	99	113	56	161	106	0	0	0	0	0	0	1	1	0
gi|110645304|ref|NC_002516|pseudocap|136	5p	+	3	60107	121026	119028	58763	358924	570	510	623	552	97	49	165	95	92	54	180	98	2	1	0	0	1	0	4	2	0
gi|110645304|ref|NC_002516|pseudocap|136	5p	+	4	60037	120559	119291	59034	358921	567	591	599	527	109	61	194	116	107	60	173	128	1	0	1	4	1	2	7	0	0
gi|110645304|ref|NC_002516|pseudocap|136	5p	+	5	59841	121404	118741	58925	358911	594	562	644	600	127	53	191	127	133	48	191	137	3	2	0	1	6	3	8	3	0
gi|110645304|ref|NC_002516|pseudocap|136	5p	+	6	60144	120899	119031	58846	358920	602	524	632	569	100	58	187	112	133	53	172	116	2	0	3	1	1	2	3	5	0
gi|110645304|ref|NC_002516|pseudocap|136	5p	+	7	60139	120577	118939	59264	358919	569	519	606	570	110	51	164	114	110	59	149	90	3	0	2	2	0	4	3	5	0
gi|110645304|ref|NC_002516|pseudocap|136	5p	+	8	59955	120829	119124	59008	358916	568	540	596	561	114	47	153	116	99	52	161	112	5	2	7	1	2	3	4	6	0
gi|110645304|ref|NC_002516|pseudocap|136	5p	+	9	59928	121210	119258	58515	358911	595	518	625	539	107	48	158	96	116	48	163	98	3	1	5	2	3	3	6	8	0
gi|110645304|ref|NC_002516|pseudocap|136	5p	+	10	60363	120992	118443	59113	358911	601	527	620	585	113	54	159	117	106	40	173	105	0	3	4	3	4	2	4	10	0
gi|110645304|ref|NC_002516|pseudocap|136	5p	+	11	59621	121360	118914	59027	358922	609	552	600	545	107	47	145	97	100	49	143	101	3	2	6	1	3	1	2	3	0
gi|110645304|ref|NC_002516|pseudocap|136	5p	+	12	60154	120969	119101	58696	358920	575	529	602	539	120	47	169	121	89	48	160	104	1	3	8	1	1	2	5	3	0
gi|110645304|ref|NC_002516|pseudocap|136	5p	+	13	60010	120930	118568	59405	358913	607	545	620	550	114	48	162	110	97	51	173	98	2	3	9	2	1	2	7	8	0
gi|110645304|ref|NC_002516|pseudocap|136	5p	+	14	59937	121606	118701	58670	358914	585	506	604	558	122	34	161	101	105	48	126	100	3	1	5	2	5	3	6	3	0
gi|110645304|ref|NC_002516|pseudocap|136	5p	+	15	59873	120996	119010	59044	358923	627	526	633	555	100	41	179	117	101	57	148	119	4	1	3	3	2	0	4	2	0
gi|110645304|ref|NC_002516|pseudocap|136	5p	+	16	60146	120915	118596	59268	358925	581	576	627	526	121	42	173	104	89	63	159	96	2	1	6	3	0	0	3	3	0
gi|110645304|ref|NC_002516|pseudocap|136	5p	+	17	59838	120997	118956	59127	358918	562	538	594	561	109	38	173	108	109	54	166	108	2	3	4	2	3	2	6	2	0
gi|110645304|ref|NC_002516|pseudocap|136	5p	+	18	60070	121372	118820	58655	358917	645	557	636	572	106	41	184	114	103	47	180	77	3	3	3	2	4	1	5	4	0
gi|110645304|ref|NC_002516|pseudocap|136	5p	+	19	59987	120747	119135	59049	358918	578	580	598	532	107	58	140	88	90	51	165	99	1	5	4	3	1	2	6	4	0
gi|110645304|ref|NC_002516|pseudocap|136	5p	+	20	59746	120567	119396	59210	358919	607	573	632	600	92	51	148	116	102	47	166	104	4	4	5	3	0	1	4	7	0
gi|110645304|ref|NC_002516|pseudocap|136	5p	+	21	59642	121666	118727	58881	358916	610	542	609	562	109	56	181	112	113	49	165	118	2	2	4	0	2	3	6	4	0
gi|110645304|ref|NC_002516|pseudocap|136	5p	+	22	59810	120959	118879	59269	358917	611	563	599	550	116	48	156	113	107	49	165	98	5	2	2	2	3	4	5	2	0
gi|110645304|ref|NC_002516|pseudocap|136	5p	+	23	59884	120859	118766	59406	358915	588	589	589	565	105	44	152	109	89	45	151	128	2	0	2	2	1	4	4	7	0
gi|110645304|ref|NC_002516|pseudocap|136	5p	+	24	59668	121361	118959	58935	358923	603	556	613	547	116	55	165	121	106	57	175	98	3	0	4	1	1	1	3	3	0
gi|110645304|ref|NC_002516|pseudocap|136	5p	+	25	60227	120703	118865	59126	358921	567	541	599	558	111	42	134	111	90	57	175	113	2	4	1	2	3	1	3	3	0
gi|110645304|ref|NC_002516|pseudocap|136	5p	+	26	59710	121522	118568	59117	358917	580	542	638	540	112	47	164	84	108	65	149	107	4	3	4	5	2	2	4	6	0
gi|110645304|ref|NC_002516|pseudocap|136	5p	+	27	59817	121387	118986	58723	358913	583	532	605	594	108	50	178	116	98	59	141	102	1	2	4	1	2	3	9	4	0
gi|110645304|ref|NC_002516|pseudocap|136	5p	+	28	60289	120932	118526	59171	358918	586	614	601	549	121	36	166	118	101	57	161	105	4	0	5	2	1	1	6	5	0
gi|110645304|ref|NC_002516|pseudocap|136	5p	+	29	59805	121124	118724	59258	358911	584	557	653	560	108	55	187	102	103	53	169	114	4	2	4	0	4	4	7	5	0
gi|110645304|ref|NC_002516|pseudocap|136	5p	+	30	59732	121169	119488	58527	358916	592	564	606	579	107	47	181	98	102	52	149	107	3	5	5	2	4	1	6	4	0
gi|110645304|ref|NC_002516|pseudocap|136	5p	+	31	60449	120744	118608	59110	358911	577	563	602	584	110	46	203	121	112	61	189	105	4	1	9	2	2	5	7	6	0
gi|110645304|ref|NC_002516|pseudocap|136	5p	+	32	59497	120786	119054	59573	358910	592	545	615	628	114	53	194	110	122	54	185	105	1	3	8	3	2	3	8	8	0
gi|110645304|ref|NC_002516|pseudocap|136	5p	+	33	59773	120680	119237	59224	358914	607	567	692	646	122	65	184	111	120	43	168	93	3	6	2	6	2	2	8	5	0
gi|110645304|ref|NC_002516|pseudocap|136	5p	+	34	60014	120970	118951	58982	358917	625	627	622	578	124	53	171	114	110	41	189	108	4	3	6	4	5	2	4	3	0
gi|110645304|ref|NC_002516|pseudocap|136	5p	+	35	60014	121551	118556	58796	358917	590	618	671	584	108	52	177	98	122	54	177	130	2	2	7	3	3	1	8	2	0
gi|110645304|ref|NC_002516|pseudocap|136	5p	+	36	59883	120597	119216	59207	358903	580	591	639	590	131	63	181	110	100	52	145	114	1	2	5	6	4	2	13	9	0
gi|110645304|ref|NC_002516|pseudocap|136	5p	+	37	60119	121080	118659	59053	358911	649	566	695	587	105	55	173	135	129	61	189	120	2	2	3	3	1	5	8	6	0
gi|110645304|ref|NC_002516|pseudocap|136	5p	+	38	59841	120910	118978	59177	358906	620	586	685	608	108	47	167	127	95	49	184	115	2	1	11	6	4	3	8	10	0
gi|110645304|ref|NC_002516|pseudocap|136	5p	+	39	60147	120841	119206	58718	358912	626	589	683	641	132	54	189	135	105	55	178	116	3	3	7	4	7	3	3	6	0
gi|110645304|ref|NC_002516|pseudocap|136	5p	+	40	60266	121218	118254	59167	358905	599	602	654	614	136	60	175	116	103	41	169	133	5	2	4	5	2	3	10	11	0
gi|110645304|ref|NC_002516|pseudocap|136	5p	+	41	60046	120962	119040	58869	358917	623	569	658	617	131	38	193	111	100	65	175	106	2	3	7	3	2	1	6	5	0
gi|110645304|ref|NC_002516|pseudocap|136	5p	+	42	60353	121256	118513	58788	358910	631	568	675	675	118	43	180	119	111	69	191	108	5	2	7	1	4	4	10	3	0
gi|110645304|ref|NC_002516|pseudocap|136	5p	+	43	60089	120657	119209	58967	358922	578	596	663	583	117	53	162	115	111	39	193	101	1	3	5	3	3	3	3	0	0
gi|110645304|ref|NC_002516|pseudocap|136	5p	+	44	59786	120706	119238	59184	358914	621	608	693	612	119	52	196	110	118	63	197	110	0	1	2	5	2	2	8	5	0
gi|110645304|ref|NC_002516|pseudocap|136	5p	+	45	59737	120806	119868	58497	358908	633	578	634	573	113	64	199	107	116	64	166	116	7	2	5	9	4	5	8	6	0
gi|110645304|ref|NC_002516|pseudocap|136	5p	+	46	59858	121542	118322	59191	358913	647	650	674	598	120	59	193	112	112	54	156	111	4	2	6	3	1	3	10	4	0
gi|110645304|ref|NC_002516|pseudocap|136	5p	+	47	59829	121333	118564	59187	358913	589	615	617	591	117	54	191	107	112	63	183	114	2	1	5	5	3	2	8	5	0
gi|110645304|ref|NC_002516|pseudocap|136	5p	+	48	59816	121210	118929	58956	358911	620	624	667	597	126	71	173	135	100	56	177	109	4	2	4	4	5	1	10	4	0
gi|110645304|ref|NC_002516|pseudocap|136	5p	+	49	60067	120572	119127	59143	358909	582	588	688	606	108	69	165	113	111	58	185	115	3	2	4	5	3	3	7	9	0
gi|110645304|ref|NC_002516|pseudocap|136	5p	+	50	59837	121479	118399	59199	358914	639	598	640	669	103	55	183	137	107	64	177	129	3	2	4	5	5	3	3	6	0
gi|110645304|ref|NC_002516|pseudocap|136	5p	+	51	59728	120698	119356	59126	358908	620	548	646	649	129	55	167	126	111	65	168	111	4	1	6	3	4	4	6	9	0
gi|110645304|ref|NC_002516|pseudocap|136	5p	+	52	60022	121027	118948	58908	358905	605	586	695	604	106	55	182	118	133	54	173	116	1	0	7	5	5	4	14	3	0
gi|110645304|ref|NC_002516|pseudocap|136	5p	+	53	59714	121424	118525	59253	358916	660	556	666	616	99	45	171	131	135	47	193	115	3	2	3	5	3	2	5	5	0
gi|110645304|ref|NC_002516|pseudocap|136	5p	+	54	59690	120920	119294	59003	358907	639	582	641	621	111	60	208	113	140	59	178	104	3	5	4	3	4	2	13	5	0
gi|110645304|ref|NC_002516|pseudocap|136	5p	+	55	59781	120864	118768	59497	358910	623	588	620	621	128	45	199	138	109	57	191	104	2	1	1	3	5	2	8	6	0
gi|110645304|ref|NC_002516|pseudocap|136	5p	+	56	59358	121065	119112	59378	358913	680	590	658	584	126	54	190	134	128	68	191	128	1	1	1	3	5	0	9	3	0
gi|110645304|ref|NC_002516|pseudocap|136	5p	+	57	59628	120934	119392	58959	358913	650	566	635	609	127	61	213	102	113	61	148	128	2	2	2	0	2	4	5	6	0
gi|110645304|ref|NC_002516|pseudocap|136	5p	+	58	60144	120495	119218	59053	358910	563	622	676	633	135	54	196	120	137	65	175	132	1	2	4	2	2	0	10	6	0
gi|110645304|ref|NC_002516|pseudocap|136	5p	+	59	60026	120744	119057	59081	358908	631	638	686	609	135	51	189	110	100	51	196	117	4	4	2	2	4	2	6	5	0
gi|110645304|ref|NC_002516|pseudocap|136	5p	+	60	60003	120962	119427	58510	358902	662	581	690	576	133	48	211	111	108	73	186	109	4	5	5	4	3	4	1	7	0
gi|110645304|ref|NC_002516|pseudocap|136	5p	+	61	60221	120677	118903	59098	358899	653	584	671	551	120	60	204	136	117	62	201	109	1	3	10	3	1	2	9	4	0
gi|110645304|ref|NC_002516|pseudocap|136	5p	+	62	59899	120983	119039	58966	358887	644	586	662	624	145	66	209	116	108	66	190	127	3	4	2	1	1	1	6	5	0
gi|110645304|ref|NC_002516|pseudocap|136	5p	+	63	60151	121059	118859	58766	358835	636	625	675	633	135	52	185	129	139	72	207	127	1	1	7	3	1	6	9	8	0
gi|110645304|ref|NC_002516|pseudocap|136	5p	+	64	60240	120331	119255	58972	358798	650	586	642	601	130	61	191	132	135	56	178	146	4	4	3	4	2	2	4	7	0
gi|110645304|ref|NC_002516|pseudocap|136	5p	+	65	59942	121229	118764	58780	358715	641	573	658	614	125	58	189	132	93	52	181	121	3	2	8	1	2	2	6	1	0
gi|110645304|ref|NC_002516|pseudocap|136	5p	+	66	59706	121106	118946	58808	358566	608	625	623	596	137	58	183	114	124	56	211	123	8	1	6	1	4	4	7	8	0
gi|110645304|ref|NC_002516|pseudocap|136	5p	+	67	60072	120859	118988	58426	358345	650	601	635	629	129	61	186	142	109	55	184	125	8	1	2	1	6	2	8	8	0
gi|110645304|ref|NC_002516|pseudocap|136	5p	+	68	59956	120563	118689	58787	357995	642	570	713	616	137	50	201	137	115	57	199	127	3	2	10	5	3	3	5	7	0
gi|110645304|ref|NC_002516|pseudocap|136	5p	+	69	59604	120169	118866	58876	357515	677	587	649	655	139	49	190	125	136	56	193	153	4	0	7	4	2	2	3	1	0
gi|110645304|ref|NC_002516|pseudocap|136	5p	+	70	59353	119955	118351	59112	356771	618	625	606	543	115	53	214	124	111	48	207	127	2	1	4	4	3	1	3	6	0
gi|110645304|ref|NC_002516|pseudocap|136	5p	-	1	58668	119655	120624	59515	358462	581	628	609	648	115	65	179	144	120	74	210	142	0	0	0	0	0	0	0	0	0
gi|110645304|ref|NC_002516|pseudocap|136	5p	-	2	59168	118838	120686	59770	358462	539	654	614	626	101	40	182	97	125	62	170	98	0	0	0	0	0	0	0	0	0
gi|110645304|ref|NC_002516|pseudocap|136	5p	-	3	58879	118986	120774	59822	358461	581	558	592	657	106	54	158	105	96	42	173	107	0	0	0	0	0	0	0	1	0
gi|110645304|ref|NC_002516|pseudocap|136	5p	-	4	58710	118915	121218	59618	358461	588	567	548	621	128	65	179	130	124	58	180	109	0	0	0	0	0	1	0	0	0
gi|110645304|ref|NC_002516|pseudocap|136	5p	-	5	58827	119086	120788	59749	358450	571	610	611	629	105	48	169	129	127	46	183	128	0	1	0	1	2	1	6	3	0
gi|110645304|ref|NC_002516|pseudocap|136	5p	-	6	58828	118979	120856	59790	358453	556	642	516	599	125	55	154	86	123	55	157	110	1	2	1	4	2	1	1	5	0
gi|110645304|ref|NC_002516|pseudocap|136	5p	-	7	58966	118877	120948	59658	358449	563	563	565	644	104	48	187	102	114	47	160	105	1	0	3	2	4	2	2	5	0
gi|110645304|ref|NC_002516|pseudocap|136	5p	-	8	59215	118617	121041	59579	358452	540	627	540	595	95	51	168	91	125	48	180	105	3	1	3	4	3	1	2	4	0
gi|110645304|ref|NC_002516|pseudocap|136	5p	-	9	58775	118843	120958	59873	358449	545	607	576	622	90	52	167	125	120	44	158	106	2	6	3	3	0	1	6	6	0
gi|110645304|ref|NC_002516|pseudocap|136	5p	-	10	58945	118880	120780	59843	358448	527	543	522	605	101	48	171	98	107	48	155	92	1	4	2	0	1	2	5	6	0
gi|110645304|ref|NC_002516|pseudocap|136	5p	-	11	59312	118875	120529	59736	358452	543	574	557	598	97	52	153	103	115	52	177	102	4	1	2	3	1	1	3	5	0
gi|110645304|ref|NC_002516|pseudocap|136	5p	-	12	59383	118477	120943	59647	358450	508	596	588	606	95	49	172	120	99	48	165	92	2	1	2	6	2	2	4	4	0
gi|110645304|ref|NC_002516|pseudocap|136	5p	-	13	58562	119134	120625	60126	358447	544	563	542	622	85	55	155	89	109	52	180	119	2	3	1	5	6	2	3	4	0
gi|110645304|ref|NC_002516|pseudocap|136	5p	-	14	59054	118865	120757	59770	358446	584	587	563	637	86	59	159	104	106	49	200	102	3	6	1	2	3	5	5	3	0
gi|110645304|ref|NC_002516|pseudocap|136	5p	-	15	59479	118947	120288	59727	358441	502	598	570	587	99	31	139	116	100	34	177	113	1	3	4	5	5	2	9	5	0
gi|110645304|ref|NC_002516|pseudocap|136	5p	-	16	58960	118481	121169	59837	358447	569	611	540	588	92	46	177	94	92	45	169	103	2	0	3	2	2	2	6	5	0
gi|110645304|ref|NC_002516|pseudocap|136	5p	-	17	59407	118418	120774	59841	358440	536	562	566	600	89	40	161	98	103	47	147	97	0	1	2	2	4	5	5	8	0
gi|110645304|ref|NC_002516|pseudocap|136	5p	-	18	58728	118916	120680	60127	358451	601	560	571	571	118	43	166	97	113	42	158	106	2	1	1	5	0	0	6	5	0
gi|110645304|ref|NC_002516|pseudocap|136	5p	-	19	59044	118769	120663	59973	358449	531	568	575	598	97	39	154	100	87	45	171	113	5	1	1	5	0	4	4	5	0
gi|110645304|ref|NC_002516|pseudocap|136	5p	-	20	58681	118565	121031	60163	358440	537	559	551	615	104	58	145	117	109	45	165	128	2	0	2	3	2	4	3	13	0
gi|110645304|ref|NC_002516|pseudocap|136	5p	-	21	59072	118675	120721	59978	358446	556	611	552	597	107	46	174	100	107	48	160	114	3	1	3	2	3	4	5	4	0
gi|110645304|ref|NC_002516|pseudocap|136	5p	-	22	59288	119042	120609	59512	358451	528	588	592	585	109	51	162	89	115	66	162	101	2	1	2	5	2	1	3	5	0
gi|110645304|ref|NC_002516|pseudocap|136	5p	-	23	58989	118459	121257	59743	358448	546	591	568	627	93	49	155	95	91	52	152	94	0	2	4	3	1	0	7	6	0
gi|110645304|ref|NC_002516|pseudocap|136	5p	-	24	58682	119399	120590	59776	358447	571	537	555	626	101	47	177	99	119	50	190	104	1	1	3	6	3	3	3	6	0
gi|110645304|ref|NC_002516|pseudocap|136	5p	-	25	58687	118773	120848	60143	358451	527	597	563	638	102	49	139	101	100	53	168	103	1	3	1	5	2	1	5	3	0
gi|110645304|ref|NC_002516|pseudocap|136	5p	-	26	59348	118580	120909	59616	358453	565	587	553	649	104	55	159	104	113	47	149	98	1	2	3	3	2	0	4	3	0
gi|110645304|ref|NC_002516|pseudocap|136	5p	-	27	59184	118638	120497	60138	358457	558	575	565	615	116	50	166	107	124	48	160	98	0	5	4	2	0	0	2	3	0
gi|110645304|ref|NC_002516|pseudocap|136	5p	-	28	58982	118508	121177	59779	358446	509	592	570	625	86	47	158	107	110	53	188	107	2	1	4	5	3	1	7	5	0
gi|110645304|ref|NC_002516|pseudocap|136	5p	-	29	59111	118564	121102	59668	358445	533	561	620	589	98	47	167	115	110	48	174	99	0	1	3	4	2	1	6	8	0
gi|110645304|ref|NC_002516|pseudocap|136	5p	-	30	59209	118972	120786	59475	358442	577	612	602	619	100	40	160	109	106	50	193	118	2	1	2	2	4	6	3	7	0
gi|110645304|ref|NC_002516|pseudocap|136	5p	-	31	58922	119120	120900	59507	358449	542	588	535	614	95	41	182	113	116	46	169	99	1	5	4	3	0	2	7	4	0
gi|110645304|ref|NC_002516|pseudocap|136	5p	-	32	58841	118993	120762	59850	358446	538	636	582	666	110	67	194	106	129	46	188	103	3	1	2	6	4	4	4	4	0
gi|110645304|ref|NC_002516|pseudocap|136	5p	-	33	58792	118810	120938	59899	358439	567	621	584	691	100	51	178	99	120	61	184	100	2	0	4	10	4	4	5	10	0
gi|110645304|ref|NC_002516|pseudocap|136	5p	-	34	59036	118811	121081	59515	358443	565	608	617	616	110	61	174	115	113	65	164	114	1	5	5	4	2	2	8	7	0
gi|110645304|ref|NC_002516|pseudocap|136	5p	-	35	59307	118558	120395	60184	358444	580	594	619	670	113	59	185	120	107	60	195	120	1	2	2	6	4	2	6	6	0
gi|110645304|ref|NC_002516|pseudocap|136	5p	-	36	59042	118902	120793	59712	358449	562	635	627	666	118	52	190	108	133	51	163	134	2	5	5	3	2	2	5	4	0
gi|110645304|ref|NC_002516|pseudocap|136	5p	-	37	58708	118903	120653	60181	358445	592	652	608	648	105	65	174	118	116	56	178	117	4	4	2	4	3	0	7	7	0
gi|110645304|ref|NC_002516|pseudocap|136	5p	-	38	58587	119018	121011	59827	358443	570	632	584	648	122	53	223	111	119	54	175	112	3	1	1	7	3	0	12	4	0
gi|110645304|ref|NC_002516|pseudocap|136	5p	-	39	58904	118631	120829	60084	358448	612	658	649	652	116	37	194	109	135	42	180	117	1	8	5	3	1	3	5	5	0
gi|110645304|ref|NC_002516|pseudocap|136	5p	-	40	58449	118819	121218	59957	358443	581	612	623	696	112	66	160	125	125	62	219	126	1	1	2	5	1	5	3	10	0
gi|110645304|ref|NC_002516|pseudocap|136	5p	-	41	59032	119067	120202	60137	358438	577	593	636	693	123	53	186	106	112	55	183	92	3	1	0	6	0	5	10	9	0
gi|110645304|ref|NC_002516|pseudocap|136	5p	-	42	58837	119022	120537	60043	358439	558	648	602	680	145	49	185	110	120	45	186	109	1	3	4	6	1	7	13	2	0
gi|110645304|ref|NC_002516|pseudocap|136	5p	-	43	58554	118809	121179	59901	358443	625	626	597	634	94	44	183	127	114	68	192	118	1	5	1	6	1	4	6	8	0
gi|110645304|ref|NC_002516|pseudocap|136	5p	-	44	58866	118839	120946	59795	358446	610	637	599	645	123	48	190	120	121	57	165	141	4	1	2	5	3	4	5	4	0
gi|110645304|ref|NC_002516|pseudocap|136	5p	-	45	58916	118260	121437	59832	358445	598	634	582	661	108	52	161	116	129	48	207	128	2	5	4	10	5	3	5	4	0
gi|110645304|ref|NC_002516|pseudocap|136	5p	-	46	58951	119097	120852	59541	358441	535	605	616	578	115	72	201	120	115	58	200	122	1	5	3	10	2	4	5	10	0
gi|110645304|ref|NC_002516|pseudocap|136	5p	-	47	59287	118518	120610	60024	358439	604	633	636	645	120	55	194	120	123	49	164	122	3	3	3	7	2	5	5	11	0
gi|110645304|ref|NC_002516|pseudocap|136	5p	-	48	59201	118642	120573	60028	358444	581	664	607	665	131	60	217	117	105	73	194	114	6	7	5	6	1	2	6	9	0
gi|110645304|ref|NC_002516|pseudocap|136	5p	-	49	59176	118235	121560	59472	358443	622	637	605	696	103	60	191	123	109	55	198	116	1	3	2	7	1	4	6	8	0
gi|110645304|ref|NC_002516|pseudocap|136	5p	-	50	59014	118828	120587	60007	358436	599	626	590	642	108	59	184	107	101	53	173	124	1	2	1	4	7	4	5	10	0
gi|110645304|ref|NC_002516|pseudocap|136	5p	-	51	58869	118599	121248	59728	358444	599	647	624	687	122	50	187	107	106	52	202	136	1	2	1	1	3	5	6	4	0
gi|110645304|ref|NC_002516|pseudocap|136	5p	-	52	58628	119346	120772	59704	358450	598	617	590	663	109	51	208	134	136	51	205	142	2	3	1	5	2	2	5	3	0
gi|110645304|ref|NC_002516|pseudocap|136	5p	-	53	59234	118555	121081	59573	358443	590	617	614	674	134	60	179	121	121	60	192	133	4	4	6	5	3	1	6	9	0
gi|110645304|ref|NC_002516|pseudocap|136	5p	-	54	58997	118902	120758	59788	358445	600	685	607	636	109	54	179	110	111	56	201	108	1	7	4	5	4	4	3	6	0
gi|110645304|ref|NC_002516|pseudocap|136	5p	-	55	58810	118967	120684	59988	358449	570	634	630	626	117	73	190	125	116	54	195	132	2	4	2	6	3	0	6	4	0
gi|110645304|ref|NC_002516|pseudocap|136	5p	-	56	58974	118349	120948	60160	358431	576	638	673	647	126	49	186	116	130	58	209	107	3	4	5	4	7	6	10	7	0
gi|110645304|ref|NC_002516|pseudocap|136	5p	-	57	58792	118639	121142	59873	358446	583	654	605	624	112	56	192	101	109	49	195	130	0	6	6	7	3	5	4	3	0
gi|110645304|ref|NC_002516|pseudocap|136	5p	-	58	58830	118837	120888	59891	358446	570	656	597	622	106	66	203	134	109	53	180	116	3	7	7	5	3	1	5	6	0
gi|110645304|ref|NC_002516|pseudocap|136	5p	-	59	59116	118848	120501	59974	358439	552	664	646	677	108	64	213	122	110	75	191	136	2	4	1	4	1	6	4	8	0
gi|110645304|ref|NC_002516|pseudocap|136	5p	-	60	58765	119190	120813	59672	358440	623	631	653	638	129	60	178	112	120	55	194	108	1	7	1	9	1	1	4	6	0
gi|110645304|ref|NC_002516|pseudocap|136	5p	-	61	58787	119188	120982	59473	358430	615	670	603	579	129	66	178	113	113	47	203	118	2	0	1	9	1	3	2	9	0
gi|110645304|ref|NC_002516|pseudocap|136	5p	-	62	59241	118458	120649	60067	358415	580	695	593	734	100	58	164	122	127	55	192	126	0	5	7	4	4	2	4	8	0
gi|110645304|ref|NC_002516|pseudocap|136	5p	-	63	59188	118073	121099	60020	358380	627	632	641	667	101	79	207	123	126	67	194	126	3	3	3	5	1	6	8	7	0
gi|110645304|ref|NC_002516|pseudocap|136	5p	-	64	59345	118525	120917	59541	358328	589	656	595	633	112	57	180	132	130	54	200	122	0	5	3	11	2	4	5	7	0
gi|110645304|ref|NC_002516|pseudocap|136	5p	-	65	59111	118468	120531	60117	358227	610	632	592	645	117	71	204	132	126	49	211	125	2	2	3	7	3	2	8	5	0
gi|110645304|ref|NC_002516|pseudocap|136	5p	-	66	59235	118396	120746	59689	358066	603	618	575	639	115	53	196	111	125	52	205	130	0	3	3	7	1	1	5	7	0
gi|110645304|ref|NC_002516|pseudocap|136	5p	-	67	58890	118865	120227	59852	357834	597	660	566	682	109	56	190	119	126	61	194	135	1	4	4	7	2	2	7	8	0
gi|110645304|ref|NC_002516|pseudocap|136	5p	-	68	58714	118403	120894	59470	357481	555	625	590	670	116	59	185	94	116	43	223	140	2	5	6	2	1	4	8	7	0
gi|110645304|ref|NC_002516|pseudocap|136	5p	-	69	58577	118171	120192	60004	356944	605	624	612	687	130	56	201	128	130	72	183	144	0	1	2	2	4	1	9	6	0
gi|110645304|ref|NC_002516|pseudocap|136	5p	-	70	58369	117720	120355	59766	356210	573	607	608	650	126	72	177	133	118	69	185	128	2	1	5	3	5	4	5	12	0
